site,MLE,Lower,Upper
1,0,0,5.20667448579
2,1.54952255327,0.0880260984284,6.95085182208
3,0,0,2.31882204173
4,2.8707872457,0.163131216741,12.8585953005
5,0,0,4.79583361332
6,6.78290648004,2.06206781103,16.5620899191
7,6.72077968951,2.04282139354,16.5061366795
8,2.90625685995,0.165149436026,13.0181234802
9,0,0,4.79583361332
10,2.90540366058,0.478778262544,9.18567146929
11,0,0,3.69533049813
12,1.53971303647,0.0874385192691,6.92626054004
13,0,0,5.55191964084
14,4.82978598842,1.18381765996,12.9909864071
15,0,0,5.55191964084
16,3.0451590019,0.499871572395,9.71929105959
17,0,0,2.72320678118
18,0,0,4.79583361332
19,0,0,4.9474912989
20,0,0,5.45365643413
21,0,0,5.45365643413
22,0,0,5.55191964084
23,2.49819727339,0.141835239689,11.2299082558
24,0,0,5.55191964084
25,0,0,5.55191964084
26,0,0,4.79583361332
27,1.45130265239,0.0822614961091,6.5728558699
28,0,0,5.45365643413
29,0,0,2.31882204173
30,0,0,2.31882204173
31,0,0,5.45365643413
32,0,0,3.34048826966
33,1.55447602542,0.0882747288637,6.96401933142
34,0,0,2.31882204173
35,0,0,45.0479410719
36,0,0,5.7021185365
37,0,0,4.79008840135
38,0,0,2.89520298647
39,6.40439747861,1.59287741439,17.2262981774
40,0,0,4.79583361332
41,0,0,2.89520298647
42,2.50369934949,0.14214123031,11.2562837874
43,0,0,4.79583361332
44,0,0,4.9474912989
45,0,0,3.34048826966
46,6.25539466781,1.90767888271,15.1510646087
47,2.92170901825,0.166450183934,13.0327987929
48,7.26180835103,1.75094939125,20.4613519082
49,0,0,5.55191964084
50,2.50940060649,0.142461161662,11.2833346923
51,0,0,5.7021185365
52,0,0,3.96549727211
53,0,0,5.45365643413
54,0,0,2.31882204173
55,0,0,5.45365643413
56,0,0,2.76862118202
57,0,0,5.55191964084
58,0,0,3.69533049813
59,0,0,3.34048826966
60,2.4598067683,0.141360896281,10.8318191121
61,0,0,3.34048826966
62,7.90450197617,1.92879585878,21.5109859161
63,0,0,4.79583361332
64,21.0586299713,8.42678886345,45.5720604695
65,0,0,2.31882204173
66,2.55988400413,0.145700526407,11.3960993698
67,0,0,4.79008840135
68,0,0,4.42373079949
69,0,0,5.45365643413
70,0,0,11.0446566818
71,0,0,45.0479410719
72,0,0,4.14287046442
73,2.20578179592,0.125184478741,9.85817629027
74,0,0,4.79008840135
75,0,0,2.89520298647
76,2.22431232251,0.126579119513,9.96307776273
77,17.2878805506,5.29081627002,41.4263628911
78,2.51913475839,0.143009415793,11.3288337935
79,0,0,5.55191964084
80,5.84461916125,0.964092374137,18.4644521158
81,0,0,4.79583361332
82,2.79942562822,0.159028216534,12.5495070507
83,2.84368447105,0.161653275716,12.7167075632
84,2.16226777968,0.122921776141,9.67219112261
85,0,0,4.79583361332
86,2.57765878877,0.14677504845,11.4565154398
87,0,0,2.76862118202
88,0,0,5.55191964084
89,0,0,3.69533049813
90,0,0,2.89520298647
91,0,0,45.0479410719
92,0,0,11.0446566818
93,0,0,5.7021185365
94,0,0,11.0446566818
95,0,0,11.0446566818
96,0,0,2.83017856782
97,0,0,5.45365643413
98,0,0,2.83017856782
99,0,0,5.45365643413
100,0,0,5.55191964084
101,0,0,2.89520298647
102,0,0,2.89520298647
103,1.91721565167,0.108782451463,8.64122396208
104,0,0,4.9474912989
105,0,0,3.34048826966
106,0,0,45.0479410719
107,0,0,5.45365643413
108,3.96661279558,0.65081022106,12.6499443102
109,2.53539300311,0.418610273622,7.99366303927
110,2.52440447136,0.143728404931,11.2232137646
111,1.98629606007,0.112584116225,8.95974100038
112,0,0,5.45365643413
113,0,0,2.72320678118
114,0,0,2.76862118202
115,0,0,45.0479410719
116,0,0,2.76862118202
117,1.50310385541,0.085401835635,6.73663414734
118,3.32871932621,0.548241232992,10.5673047212
119,0,0,4.79583361332
120,0,0,5.45365643413
121,0,0,2.89520298647
122,0,0,3.69533049813
123,3.26236879363,0.52888672578,10.8369629465
124,0,0,4.79583361332
125,1.29044651181,0.0734416511852,5.77810777156
126,0,0,4.14287046442
127,0,0,2.31882204173
128,1.75486135479,0.0998431737632,7.82143377747
129,0,0,4.79008840135
130,0,0,5.45365643413
131,0,0,2.83017856782
132,0,0,4.14287046442
133,0,0,3.69533049813
134,2.57330079097,0.146362771073,11.4821387835
135,0,0,3.69533049813
136,0,0,4.79583361332
137,0,0,5.7021185365
138,0,0,3.69533049813
139,0,0,4.79008840135
140,0,0,11.0446566818
141,0,0,5.55191964084
142,2.61210525467,0.148106028424,11.8112481928
143,0,0,4.14287046442
144,0,0,5.7021185365
145,0,0,2.31882204173
146,0,0,3.69533049813
147,0,0,5.45365643413
148,0,0,5.45365643413
149,0,0,5.55191964084
150,0,0,3.69533049813
151,0,0,5.45365643413
152,0,0,3.34048826966
153,0,0,5.7021185365
154,0,0,4.14287046442
155,0,0,45.0479410719
156,0,0,3.69533049813
157,0,0,5.7021185365
158,0,0,2.72320678118
159,0,0,5.55191964084
160,2.29410131889,0.130051641311,10.3762498358
161,3.54734868867,0.586064726563,11.1478040535
162,2.1894394877,0.124452879374,9.79805572797
163,0,0,5.45365643413
164,0,0,4.14287046442
165,0,0,2.31882204173
166,0,0,5.45365643413
167,0,0,4.14287046442
168,0,0,2.31882204173
169,1.48769159678,0.0846443318858,6.63893840804
170,0,0,2.89520298647
171,1.53579300971,0.0872556647954,6.88188748496
172,0,0,2.31882204173
173,0,0,2.31882204173
174,0,0,2.89520298647
175,0,0,2.89520298647
176,1.23238134741,0.0700894069077,5.50441741948
177,0,0,2.31882204173
178,0,0,4.14287046442
179,3.15992450673,0.520868714457,10.0174479646
180,0,0,5.55191964084
181,0,0,2.31882204173
182,0,0,4.14287046442
183,4.20533103142,0.690136436439,13.4944497672
184,2.69194537589,0.152915977479,12.0731190468
185,0,0,2.31882204173
186,0,0,4.14287046442
187,0,0,5.45365643413
188,0,0,4.14287046442
189,2.35945959277,0.133985709017,10.5550747513
190,1.24787715048,0.0709530861888,5.57073154427
191,2.89607166571,0.164605957119,12.9575901565
192,2.98739151726,0.491441936614,9.50880450789
193,2.15075431767,0.121934708081,9.72943985311
194,6.45970434871,1.58313734539,17.3431938184
195,1.97531944712,0.112093967086,8.91708335084
196,0,0,4.9474912989
197,0,0,2.72320678118
198,0,0,2.89520298647
199,0,0,4.14287046442
200,0,0,2.89520298647
201,0,0,2.89520298647
202,2.4814578935,0.140891027565,11.1534084927
203,0,0,2.72320678118
204,0,0,2.72320678118
205,0,0,4.79008840135
206,0,0,3.69533049813
207,0,0,4.79008840135
208,0,0,4.79008840135
209,2.51367704857,0.142666877456,11.3092515
210,2.50140946784,0.142016939422,11.2446202825
211,0,0,5.45365643413
212,1.30028753145,0.0738263894637,5.82198450684
213,0,0,4.14287046442
214,0,0,2.72320678118
215,1.49481546162,0.0850127556791,6.6769573298
216,0,0,4.79583361332
217,3.36715848912,0.553888333303,10.7331458024
218,0,0,4.79583361332
219,0,0,2.89520298647
220,4.01248038375,0.660150741539,12.7632111564
221,0,0,3.96549727211
222,0,0,5.20667448579
223,3.90830200552,0.694802188231,11.5369563558
224,0,0,4.42373079949
225,0,0,4.14287046442
226,0,0,4.14287046442
227,4.8561255599,0.275717943811,21.8413801343
228,0,0,7.72624944105
229,0,0,4.79583361332
230,2.20578179592,0.125161457363,9.86257498726
231,0,0,2.83017856782
232,3.12097544007,0.515257375507,9.87835069791
233,0,0,5.55191964084
234,0,0,5.55191964084
235,13.6020095392,4.21271471649,32.2293971814
236,7.06347090989,0.419017259214,29.5377652908
237,5.0094438238,0.819886173339,16.1685079511
238,2.99071114807,0.491497359763,9.55768863066
239,0,0,3.69533049813
240,2.59846294688,0.147986884101,11.5412652917
241,1.51162925585,0.0856200285611,6.85168693853
242,0,0,5.7021185365
243,0,0,5.45365643413
244,0,0,5.55191964084
245,0,0,4.14287046442
246,0,0,2.83017856782
247,0,0,4.79583361332
248,2.89841083516,0.164748487205,12.9663650688
249,0,0,4.79583361332
250,2.10196872671,0.119114955933,9.52500659291
251,0,0,5.45365643413
252,0,0,3.34048826966
253,0,0,5.7021185365
254,0,0,5.45365643413
255,0,0,3.69533049813
256,0,0,3.69533049813
257,0,0,4.79583361332
258,0,0,5.20667448579
259,0,0,3.34048826966
260,0,0,3.96549727211
261,0,0,3.96549727211
262,0,0,5.45365643413
263,0,0,2.72320678118
264,0,0,4.79583361332
265,0,0,3.69533049813
266,0,0,5.45365643413
267,0,0,4.14287046442
268,0,0,2.76862118202
269,1.4783489513,0.0841127368939,6.59609758933
270,0,0,2.89520298647
271,2.68935595629,0.153143478557,11.9448810333
272,0,0,4.9474912989
273,0,0,3.34048826966
274,0,0,4.9474912989
275,3.23542764244,0.530592865732,10.3668438866
276,0,0,5.55191964084
277,0,0,2.31882204173
278,1.4302885169,0.0812623745802,6.4170584414
279,0,0,4.42373079949
280,0,0,2.89520298647
281,0,0,7.72624944105
282,0,0,4.9474912989
283,3.04510982829,0.173173237115,13.6287288847
284,0,0,5.45365643413
285,0,0,2.31882204173
286,2.24444121377,0.127433576873,10.0224206061
287,0,0,2.76862118202
288,0,0,2.83017856782
289,0,0,5.55191964084
290,2.65105762731,0.150752595173,11.8633860984
291,0,0,4.9474912989
292,0,0,4.79008840135
293,2.94478310911,0.167596860439,13.1474951321
294,0,0,3.69533049813
295,0,0,5.45365643413
296,0,0,4.9474912989
297,0,0,4.42373079949
298,2.67034661747,0.15123394104,12.1221405126
299,10.3174521238,3.15064279573,24.8686469948
300,0,0,5.7021185365
301,2.57152586895,0.148736217509,11.1764975502
302,0,0,5.7021185365
303,1.47608714893,0.0839739178353,6.58411065389
304,0,0,2.83017856782
305,0,0,2.76862118202
306,0,0,2.76862118202
307,4.81547115044,0.796050540829,15.1291949411
308,4.54892346008,0.752312048364,14.392567105
309,1.96945382723,0.111686371046,8.90525449307
310,0,0,3.69533049813
311,0,0,5.55191964084
312,0,0,4.79008840135
313,0,0,5.7021185365
314,0,0,3.69533049813
315,0,0,3.34048826966
316,0,0,11.0446566818
317,0,0,2.76862118202
318,0,0,4.79583361332
319,0,0,2.72320678118
320,0,0,7.72624944105
321,0,0,3.69533049813
322,5.07134444076,0.837828506906,15.9383412854
323,0,0,7.72624944105
324,0,0,2.76862118202
325,0,0,3.69533049813
326,0,0,5.45365643413
327,0,0,2.76862118202
328,0,0,5.45365643413
329,0,0,2.83017856782
330,0,0,4.14287046442
331,0,0,5.55191964084
332,0,0,4.79583361332
333,0,0,3.69533049813
334,4.01248038375,0.660150741539,12.7632111564
335,4.54892346008,0.745917476222,14.7688281993
336,7.93052528281,1.38052208599,23.320266167
337,4.42684239713,0.73057857738,13.9681905295
338,0,0,5.55191964084
339,0,0,4.79583361332
340,0,0,2.31882204173
341,0,0,4.14287046442
342,3.13022528734,0.515827719346,9.95101227793
343,2.84760670852,0.469975760334,8.99936146964
344,0,0,2.31882204173
345,0,0,4.14287046442
346,0,0,5.55191964084
347,0,0,2.89520298647
348,0,0,2.83017856782
349,0,0,4.14287046442
350,6.66492258174,1.63118875856,17.9947280252
351,6.40544640176,1.96473692985,15.3095326849
352,0,0,2.31882204173
353,0,0,5.55191964084
354,0,0,2.89520298647
355,0,0,5.55191964084
356,5.29477851141,0.891004725581,16.2346936234
357,0,0,4.79008840135
358,0,0,4.79008840135
359,4.52379613426,0.748074093056,14.3331543888
360,8.95572533265,2.20715119959,23.7104467654
361,0,0,4.79583361332
362,0,0,4.79583361332
363,0,0,3.96549727211
364,0,0,4.79583361332
365,2.49819727339,0.141835239689,11.2299082558
366,7.79833346215,1.92379576248,20.6374487288
367,0,0,4.79583361332
368,2.50906911334,0.14245177741,11.2786312649
369,2.5062104721,0.142708047926,11.1379627955
370,0,0,3.69533049813
371,0,0,3.69533049813
372,0,0,3.96549727211
373,1.45709358135,0.0826153451431,6.58915028735
374,0,0,3.69533049813
375,0,0,4.79583361332
376,0,0,2.89520298647
377,0,0,4.9474912989
378,0,0,2.83017856782
379,1.21748930733,0.0692421175498,5.43814248985
380,1.92915809162,0.109442117606,8.70096506692
381,0,0,3.96549727211
382,0,0,3.96549727211
383,0,0,4.14287046442
384,0,0,3.34048826966
385,0,0,3.34048826966
386,0,0,2.89520298647
387,0,0,4.79008840135
388,0,0,4.9474912989
389,0,0,3.96549727211
390,0,0,5.7021185365
391,4.23512342732,0.695139490648,13.5768660815
392,4.0177404809,0.659662122096,12.862938175
393,0,0,3.96549727211
394,0,0,5.55191964084
395,0,0,4.79583361332
396,0,0,2.76862118202
397,0,0,2.72320678118
398,0,0,3.34048826966
399,0,0,45.0479410719
400,0,0,5.45365643413
401,1.96555641339,0.111487522518,8.86953702768
402,2.51742328828,0.415726500504,7.93033152399
403,0,0,2.89520298647
404,0,0,4.9474912989
405,0,0,5.45365643413
406,2.10601232248,0.11932852113,9.54756727423
407,0,0,3.34048826966
408,0,0,3.96549727211
409,0,0,4.9474912989