site,MLE,Lower,Upper,LogL_global,LogL_local
1,0,0,0.559477671467,-7.28267535603,-3.85265256369
2,1.33774041051,0.412959900925,3.13855138703,-26.5321523616,-26.3806329823
3,1.68319397699,0.597365555212,3.71238389582,-32.2056651829,-31.6456395684
4,3.36638531624,1.4170358309,6.8320047591,-39.8778522324,-36.4214715735
5,3.81468932291,1.69275253064,7.68471006665,-46.3325011308,-41.7439419142
6,2.20067721783,0.864738413856,4.55909442834,-35.519801217,-34.0944883293
7,1.14372421961,0.280450296397,3.07199745473,-19.1990410737,-19.1740615595
8,0.621707645921,0.103049378139,1.93843520114,-16.3834621956,-16.1201570409
9,1.35004604564,0.416017018302,3.18898069614,-27.5616214178,-27.4011595165
10,1.74146768461,0.619075922245,3.81192981657,-31.6314337163,-30.9990261964
11,0.345408079013,0.019621432753,1.5497269078,-9.95889078908,-9.14515289772
12,2.15841685923,0.847874678824,4.47196604905,-31.0897045521,-29.7277909023
13,0.971404741686,0.239315177659,2.58504995731,-22.8336226467,-22.8323826476
14,0.630403255591,0.104508763969,1.96724760814,-15.446352882,-15.1999741635
15,0.994225025908,0.246186573015,2.60608907281,-19.3539877659,-19.3539379904
16,0.742166909506,0.122975552317,2.32102287432,-14.5552970497,-14.4587174039
17,0.309940066663,0.0176606126533,1.37414659193,-11.0507955111,-10.0054097063
18,0.719364557956,0.118417144648,2.28401688721,-13.1688929584,-13.0508416706
19,0.323261820594,0.0184048258889,1.43787823161,-10.2886458107,-9.33692959061
20,0.945969412686,0.234746058696,2.46801450925,-22.7006912302,-22.6960105361
21,1.14309767032,0.278881207794,3.11622388342,-19.4203126724,-19.3958614574
22,1.37189918485,0.422895456382,3.23761744189,-24.7405817561,-24.5632052691
23,0.952816893321,0.236015588757,2.49503293457,-20.9794365949,-20.9759157078
24,0.634469688808,0.105025670398,1.98586896711,-16.1466917456,-15.9081514165
25,0.665099345993,0.110046386934,2.08382135233,-14.8174431092,-14.6291935772
26,0.641710283182,0.106440527897,1.99596749269,-15.3377330639,-15.1105700961
27,2.15841685923,0.847322848986,4.50284027899,-37.8272004217,-36.4661106106
28,0.315553038558,0.0179827252508,1.39789972794,-9.83968603992,-8.83229437068
29,0,0,0.561168962046,-7.14756380084,-3.728268844
30,2.77261730069,1.07910935494,5.92422278914,-36.9853972403,-34.7855097251
31,0.303939843458,0.017323781367,1.345963026,-12.3631290313,-11.2724527117
32,0,0,0.620196035997,-5.94486650302,-2.8542631647
33,2.23486375701,0.875802474568,4.66699293234,-27.4674928439,-26.000393802
34,0.299871348176,0.0171007908884,1.32519594438,-12.1967345885,-11.0720320762
35,1.03358514845,0.255257679115,2.72435464576,-18.2959638681,-18.2943745951
36,1.37218694308,0.423263153094,3.23712851199,-23.0378476271,-22.8600012716
37,1.00678350706,0.249080506705,2.64566786599,-19.1088518295,-19.1087844607
38,0,0,0.562972949985,-7.01932544933,-3.61139590397
39,0.968965807285,0.239940896246,2.53974314595,-21.4843456429,-21.4828571285
40,0,0,0.561168962046,-7.14756380084,-3.728268844
41,0,0,0.559477671467,-7.28267535603,-3.85265256369
42,1.43916973805,0.437135329138,3.50165001328,-26.7990934408,-26.5752343795
43,1.90876941246,0.669634887086,4.37074113855,-28.9817114036,-28.1695468539
44,0.627325641444,0.103874189697,1.95671345905,-17.6659601095,-17.4129704292
45,1.11805272256,0.274699007107,2.99216651025,-18.0861140734,-18.0686794066
46,0.964935459336,0.238180602279,2.56032635282,-21.7301576371,-21.728268483
47,0.638132695562,0.105660379616,1.99458321741,-15.8440135528,-15.6114522319
48,2.14965616014,0.844010381577,4.4683443088,-27.0119330442,-25.6636993923
49,0,0,0.567412729862,-6.753876921,-3.37358418345
50,2.22889721559,0.872963485704,4.65585437607,-34.4139235611,-32.9571489408
51,0.650789605192,0.107531471383,2.04843499995,-15.6518819247,-15.4425207231
52,0.668050464391,0.110721306814,2.0831225156,-15.6877450394,-15.502917178
53,0,0,0.567412729862,-6.753876921,-3.37358418345
54,2.25227565299,0.870471157219,4.88270756808,-36.9844659828,-35.5336176838
55,0,0,0.604049206921,-5.57652639778,-2.40752716333
56,0.972230188214,0.240793536628,2.5470570105,-20.5130169142,-20.5118297824
57,1.01107980128,0.250070894683,2.65591281625,-19.9374226814,-19.937243887
58,2.22742310697,0.872347714673,4.65784922621,-35.0446720425,-33.590200856
59,0.346893673195,0.0197005510579,1.55943482109,-10.0223532781,-9.21839079835
60,0,0,0.574116715903,-6.44042771737,-3.10098659994
61,0,0,0.652111544747,-4.80339894888,-1.87288501404
62,0,0,0.604049206921,-5.57652639778,-2.40752716333
63,0,0,0.586450692818,-6.01392213004,-2.74700109065
64,0,0,0.586413634852,-6.01501224288,-2.74787828369
65,0.952383843579,0.236106061324,2.48869250247,-21.4533593506,-21.449762478
66,0,0,0.652111544747,-4.80339894888,-1.87288501404
67,2.67645409921,1.11948036988,5.53300866879,-37.7975392252,-35.4154449909
68,1.82723121664,0.647746321643,4.0208976149,-26.9326160554,-26.200598153
69,0,0,0.652111544747,-4.80339894888,-1.87288501404
70,2.35004980067,0.907035848074,4.9972867193,-37.023044164,-35.4370530945
71,0.32496094531,0.0184813654518,1.4522583309,-10.8049171984,-9.86939254591
72,2.21715636197,0.86558904093,4.65662008701,-38.258384581,-36.8279617848
73,0.652472362833,0.10788008665,2.04245813548,-16.4617799857,-16.2532011381
74,0,0,0.586450692818,-6.01392213004,-2.74700109065
75,1.00597743701,0.248459144502,2.65810489996,-18.4436436274,-18.4435915276
76,3.67716898796,1.60225285158,7.57555991437,-47.3483824196,-43.1029832102
77,0.653965001519,0.108189636654,2.05236385474,-14.9236510928,-14.7187969647
78,1.41338504828,0.435455401468,3.33967328476,-21.8796247541,-21.6692200645
79,0.976562139583,0.241149502487,2.58415816122,-21.882229244,-21.8813969924
80,0,0,0.652111544747,-4.80339894888,-1.87288501404
81,0.660968172508,0.109556666221,2.0614735989,-15.1192088337,-14.9241035302
82,1.23667915325,0.315622691242,3.15273562056,-20.2767831182,-20.2102772985
83,0,0,0.652111544747,-4.80339894888,-1.87288501404
84,0,0,0.574116715903,-6.44042771737,-3.10098659994
85,0,0,0.652111544747,-4.80339894888,-1.87288501404
86,0,0,0.604049206921,-5.57652639778,-2.40752716333
87,0,0,0.569921386479,-6.62681053451,-3.26192688124
88,0,0,0.561168962046,-7.14756380084,-3.728268844
89,1.03445480053,0.255724771585,2.72295098048,-18.8700263865,-18.8683530063
90,0,0,0.620196035997,-5.94486650302,-2.8542631647
91,2.16321719516,0.847014730027,4.54603018304,-36.3050071556,-34.9448448285
92,4.6065151059,2.22924376452,8.89650817769,-54.7074007239,-47.6425468904
93,0,0,0.620196035997,-5.94486650302,-2.8542631647
94,0.307752077247,0.0175335609939,1.36514542116,-12.6716421832,-11.6113196716
95,0,0,0.574116715903,-6.44042771737,-3.10098659994
96,2.15841685923,0.845117662963,4.52280498648,-35.3743382909,-34.0215272618
97,0.643886669024,0.106745010626,2.00467251239,-15.6417748372,-15.4184037506
98,0.612896947784,0.101734084982,1.90254172849,-17.9888058049,-17.7066137676
99,1.38476303602,0.424475877409,3.31643234019,-28.1209630615,-27.9365570617
100,0.302000743655,0.0172154868595,1.33671323729,-12.5187668534,-11.4127519495
101,0,0,0.652111544747,-4.80339894888,-1.87288501404
102,2.87211693994,1.19696352526,5.91218424047,-38.6294385898,-35.9602209747
103,3.10810281559,1.38946942287,6.04786942872,-46.0528180002,-42.5488199831
104,0,0,0.652111544747,-4.80339894888,-1.87288501404
105,0.662609226374,0.109633250435,2.07620583828,-14.9505944404,-14.7586315475
106,0.619139602251,0.102674875766,1.92684353492,-16.9460321318,-16.6771874267
107,0,0,0.652111544747,-4.80339894888,-1.87288501404
108,0.658315976887,0.109097501701,2.0551094558,-14.4260442688,-14.2269043509
109,0,0,0.652111544747,-4.80339894888,-1.87288501404
110,0,0,0.574400975767,-6.42877427588,-3.09104245336
111,0,0,0.571430239291,-6.55642787357,-3.20074137061
112,0,0,0.586413634852,-6.01501224288,-2.74787828369
113,0,0,0.567412729862,-6.753876921,-3.37358418345
114,0,0,0.620196035997,-5.94486650302,-2.8542631647
115,0.966052832457,0.239158339326,2.53443650892,-21.34961486,-21.3478282344
116,1.7642922548,0.624393287837,3.91454284522,-31.7801301077,-31.126916263
117,0.348661840224,0.0197980290858,1.56829111904,-9.17039732881,-8.37621560529
118,1.40080276843,0.431501965051,3.31138411267,-23.0947452316,-22.8949483984
119,1.92628894625,0.677348779248,4.3257744034,-31.2271351235,-30.3891321411
120,1.7780751412,0.632121958765,3.88987351342,-30.6095602218,-29.9328301848
121,0.632459414891,0.104826962276,1.96860179051,-15.2864220624,-15.0424764602
122,0,0,0.586450692818,-6.01392213004,-2.74700109065
123,1.07086402605,0.263977803769,2.835829944,-18.7597270417,-18.7530092557
124,0,0,0.571430239291,-6.55642787357,-3.20074137061
125,0.346538631877,0.0196892598594,1.55474085593,-9.44567311293,-8.63801681709
126,1.89221179549,0.667975743563,4.20967129623,-29.2455218352,-28.4419923157
127,2.40915673737,0.93549104481,5.12401346159,-33.6980142144,-32.0099478034
128,0,0,0.652111544747,-4.80339894888,-1.87288501404
129,0.629683427431,0.104373556291,1.96264572295,-16.074360465,-15.8260440334
130,0.630066289005,0.104388308897,1.96641252026,-17.9043832099,-17.6571703714
131,0,0,0.652111544747,-4.80339894888,-1.87288501404
132,0,0,0.620196035997,-5.94486650302,-2.8542631647
133,1.00382133836,0.248506224663,2.6332130521,-20.179971747,-20.1799502468
134,0.327476900968,0.0186612603688,1.45139214008,-11.1927221368,-10.2632128329
135,0,0,0.581526389813,-6.16746084724,-2.8719888873
136,0.633926201998,0.105132661216,1.97226923914,-15.2355518877,-14.9944752727
137,1.36910689091,0.421151174309,3.25376699601,-25.5602826181,-25.3860414311
138,1.11490184628,0.272782842762,3.02656357011,-20.890168551,-20.8737661916
139,6.2595057791,2.98956876823,13.439691731,-58.792664516,-49.0415869512
140,0,0,0.604049206921,-5.57652639778,-2.40752716333
141,0,0,0.652111544747,-4.80339894888,-1.87288501404
142,1.3788382465,0.423678434372,3.29069938547,-25.2792830153,-25.0981503281
143,2.1679620325,0.846955167738,4.58555700571,-35.2014378768,-33.8408052971
144,0,0,0.586450692818,-6.01392213004,-2.74700109065
145,0.299697518204,0.0170896365228,1.32483055182,-12.5901007503,-11.4645152847
146,0,0,0.620196035997,-5.94486650302,-2.8542631647
147,0,0,0.571430239291,-6.55642787357,-3.20074137061
148,0.627329733102,0.104114722704,1.95308815268,-15.7185120529,-15.4660472152
149,0.354336471452,0.0200957774036,1.60138899493,-9.49294259326,-8.73181309381
150,1.08486393976,0.265542239747,2.9195692588,-23.7552541793,-23.7459614648
151,1.31709663568,0.406452227063,3.10457377828,-25.0037731496,-24.8671586198
152,0,0,0.652111544747,-4.80339894888,-1.87288501404
153,0.318434500757,0.018143756585,1.41166252475,-10.0822418915,-9.09510064189
154,0.311513588452,0.0177482356616,1.38191016109,-10.7905009052,-9.75691567215
155,0.345408079013,0.0196189233985,1.54880830634,-9.6174532256,-8.80296248834
156,0.670937960929,0.111044672326,2.09839025234,-14.8053005982,-14.6253168443
157,0.709960077897,0.117480065345,2.22279311558,-13.8782316277,-13.7483813964
158,0.315495194868,0.0179801899513,1.39739176115,-10.4817441451,-9.4737261281
159,0,0,0.565752547543,-6.84618322785,-3.4556113582
160,0,0,0.586413634852,-6.01501224288,-2.74787828369
161,3.24626971856,1.33087208475,7.08797963482,-37.4444306961,-34.3054650838
162,0,0,0.620196035997,-5.94486650302,-2.8542631647
163,0.999772633621,0.24744624575,2.6215911482,-19.3669740114,-19.3669739346
164,0,0,0.604049206921,-5.57652639778,-2.40752716333
165,1.03495875205,0.255455667728,2.73638251332,-18.4815753563,-18.4798613041
166,0.640662703561,0.106164531187,2.00437589211,-14.9881492789,-14.7609723991
167,0.349376309678,0.0198519577101,1.56690943573,-9.01793553715,-8.22478759234
168,0,0,0.567412729862,-6.753876921,-3.37358418345
169,2.78666313047,1.17240451863,5.6268009351,-38.9454527535,-36.3630513303
170,0,0,0.562972949985,-7.01932544933,-3.61139590397
171,0,0,0.586450692818,-6.01392213004,-2.74700109065
172,0.686631747842,0.113568499571,2.15192933997,-12.9154785055,-12.7573632299
173,0.665476922129,0.110175825028,2.07985013211,-14.0998694864,-13.9117325174
174,0.714374700205,0.117841646118,2.25683606064,-16.3532047466,-16.2294112397
175,1.79249044037,0.636480499083,3.9356398556,-28.7704749497,-28.0785269854
176,1.0456729609,0.25826932711,2.75603453496,-17.6202151438,-17.6173203048
177,0.354336471452,0.0200957774036,1.60138899493,-10.4913319922,-9.7302024928
178,1.02528398718,0.253259120408,2.70447150682,-19.1614969978,-19.1605872024
179,1.29409761783,0.400228988924,3.0350958356,-27.4873073158,-27.3663712331
180,0.719364557956,0.118382082067,2.29202305736,-14.3509734363,-14.2334227693
181,0,0,0.574116715903,-6.44042771737,-3.10098659994
182,0.34813801451,0.0197801983116,1.56200500715,-9.07374389321,-8.27450327556
183,0.330842345126,0.0188289765788,1.47117738613,-9.77369128827,-8.8683801877
184,2.32891834808,0.908498709294,4.90845582355,-32.1309685466,-30.5421084106
185,0.312098314599,0.0177828131926,1.38397077447,-10.8099016627,-9.77991310972
186,2.46988973348,0.964419941907,5.18292591837,-30.9871655252,-29.194562056
187,0,0,0.649522513654,-5.80567882258,-2.8542631647
188,1.81525056652,0.644099323407,3.98880336845,-28.4115980085,-27.6931032312
189,1.38808654779,0.42590162427,3.30904653324,-25.0179107305,-24.8306597709
190,0,0,0.620196035997,-5.94486650302,-2.8542631647
191,1.92049492373,0.673339105548,4.28222845973,-30.458325965,-29.6309812781
192,3.19977913221,1.43309630038,6.18861585735,-46.3787695867,-42.7093393774
193,2.12181594303,0.83293190688,4.43070640846,-39.7568014709,-38.4495119076
194,0.304138738704,0.0173388070939,1.3457085052,-11.9518050632,-10.8613431399
195,0.344367525013,0.0195663486048,1.54488378895,-9.84823229347,-9.02895047632
196,2.65596564486,1.12456814404,5.28988722771,-42.9926738832,-40.5882435246
197,2.33587843369,0.917131947705,4.8691898122,-28.1559018372,-26.5363058985
198,0.861668824495,0.145260655962,2.64787621612,-13.7821922126,-13.7583782797
199,0.998517920436,0.246524189096,2.63720180979,-23.1102966576,-23.1102934239
200,2.79079944217,1.17452407304,5.61304558499,-37.3210354486,-34.7308122456
201,2.90505865699,1.2053837358,6.06634315391,-38.9309431379,-36.2319086936
202,0.842438692913,0.139745008094,2.61919177995,-14.3315218612,-14.3005793697
203,0.985828749462,0.16224907607,3.1388876662,-12.5659137208,-12.5657142725
204,2.78139500775,1.04903950894,6.22073399943,-33.7008104593,-31.6093475184
205,0.315367944543,0.017968253786,1.39867307263,-10.4434120946,-9.43613161998
206,0,0,0.652111544747,-4.80339894888,-1.87288501404
207,0.681994969107,0.112811844627,2.13683279969,-13.9301319166,-13.7658369791
208,0.714808443711,0.117803448977,2.26773003817,-13.9406612469,-13.8177745511
209,0.305639588197,0.0174240483617,1.35244002912,-11.4139052659,-10.3346641534
210,0.346893673196,0.0197005510579,1.55943482109,-11.0207426771,-10.2167801973
211,0,0,0.604049206921,-5.57652639778,-2.40752716333
212,1.59018025829,0.484655302275,3.8575453854,-22.7419625129,-22.3859147162
213,0,0,0.614150194995,-5.86783705191,-2.74787828369
214,0.638132695562,0.105970950603,1.98287197044,-19.4677968393,-19.2343767023
215,1.02372380224,0.253005820037,2.69692685271,-23.5860909326,-23.5852865446
216,2.32290554569,0.911809572596,4.83221462722,-35.0034802721,-33.4036658973
217,1.11324136592,0.274641178292,2.9474213794,-19.2675768024,-19.2512707977
218,0,0,0.659133971171,-5.76293701551,-2.8542631647
219,1.4783489513,0.454698112805,3.50964027361,-25.530356759,-25.2665188039
220,1.07480542502,0.266101636148,2.82006872826,-20.1364427907,-20.1289111034
221,1.03200826392,0.255427655573,2.7098954197,-20.2274593047,-20.2260049649
222,1.40044003296,0.431454682098,3.32169310851,-25.1407408641,-24.9413033403
223,0.334493920113,0.0190522413199,1.49080158028,-9.55299239319,-8.67232518695
224,1.05403642906,0.260592641538,2.7760259614,-19.7932837758,-19.7892656134
225,1.92441499773,0.676345849351,4.34491972848,-31.4296137186,-30.5951698853
226,0.738776783131,0.122408941793,2.30564673045,-12.4278210555,-12.3272899126
227,2.4267173901,0.949318844124,5.09622934902,-37.424380317,-35.6867853453
228,0,0,0.728549929301,-4.49867543417,-1.87288501404
229,1.13164449389,0.279510049514,2.98162683014,-19.1124567093,-19.0908041265
230,2.71870087942,1.1469196116,5.45630099154,-39.7484462353,-37.260587551
231,0,0,0.652111544747,-4.80339894888,-1.87288501404
232,1.02982978289,0.254657410598,2.70793491892,-18.1984292779,-18.1971664088
233,0.346538631878,0.0196892598594,1.55474085593,-10.4440625119,-9.63640621608
234,0.30678839953,0.017491390916,1.35688328232,-10.9769390069,-9.90545979572
235,1.42294271276,0.434511316499,3.45083176244,-27.8193530271,-27.6062431937
236,1.34917812455,0.414476055738,3.22081532612,-25.5331590251,-25.3747801401
237,0.312117856188,0.0177838933095,1.38403378112,-11.4007598527,-10.370915606
238,2.87022101889,1.20116754022,5.84300486475,-39.5960038132,-36.9097706843
239,1.96158293437,0.686519715978,4.48289205388,-28.9199106861,-28.048263834
240,1.92998516116,0.672560663684,4.41607419558,-33.5343468022,-32.7072332481
241,3.35297610683,1.4882891416,6.66141654757,-46.261363397,-42.3983214065
242,4.24312400804,2.02027821062,8.14186367537,-45.3320046346,-39.0702517461
243,0.295309107811,0.016845756109,1.30345926223,-11.5377976651,-10.3752135637
244,0.659871050574,0.109403732527,2.06009112792,-14.6790123248,-14.4827713362
245,2.27303757905,0.890126217092,4.74651510385,-34.4596437176,-32.9392700152
246,0.29656256252,0.016916698314,1.3091541015,-12.1152198002,-10.9628662991
247,0.349476294636,0.0199024222506,1.55299627222,-9.27932427293,-8.47808412188
248,0.334049913903,0.0190437522773,1.48263798121,-9.93423569212,-9.04670236343
249,0.321506944257,0.0183241590197,1.42416495299,-10.7502299917,-9.78214015658
250,0.731582503997,0.120561775585,2.32254137947,-14.8889386539,-14.7835466324
251,1.37675649678,0.424264574175,3.25333023063,-24.6129700978,-24.4320735963
252,0,0,0.571430239291,-6.55642787357,-3.20074137061
253,0.345408079013,0.019621432753,1.5497269078,-9.27537549905,-8.46163760769
254,2.23717556352,0.877127540653,4.67743412668,-34.7476474525,-33.2753010795
255,1.81432858857,0.645147370615,3.98013783502,-29.2240006109,-28.503101609
256,1.79062089289,0.635260661102,3.93306616564,-31.5263390799,-30.8374981265
257,3.06749062671,1.37862075377,5.90257294633,-47.613613676,-44.1465946358
258,0.712398863917,0.117428357639,2.26078891979,-13.7057293142,-13.5803991399
259,1.02372784878,0.253011620932,2.69741647113,-16.5922815923,-16.5914769674
260,0.716320816907,0.118054538146,2.27237399663,-14.9369615912,-14.8156946337
261,0,0,0.571430239291,-6.55642787357,-3.20074137061
262,0.660968172508,0.109496997881,2.06374919766,-14.4952699107,-14.3002797479
263,0.663168976831,0.109797097309,2.06958825764,-13.9974349707,-13.8052484656
264,0.315708057268,0.0179956218583,1.39779405506,-13.0487636351,-12.0415497583
265,0.310232519245,0.0176743422485,1.37640099093,-11.4908648246,-10.4484948045
266,0.311340567636,0.0177311809172,1.38365489323,-11.1350276308,-10.1026317084
267,1.33107916258,0.410646727201,3.13582363516,-28.5920823065,-28.4454371053
268,1.46974059702,0.452255681511,3.48591192662,-25.2749392041,-25.0185439086
269,1.34528620489,0.415384456131,3.17604912964,-23.1327997279,-22.9745354964
270,2.81315516488,1.18559314781,5.66132673931,-37.6893223338,-35.0570382714
271,6.26460737747,2.56066789667,18.1114710142,-59.390541922,-51.7374577405
272,0,0,0.586450692818,-6.01392213004,-2.74700109065
273,0.64481160723,0.106815068253,2.01220961169,-15.1573763508,-14.9361472995
274,3.09698311282,1.38615356199,6.01210580892,-46.2979412195,-42.8064149537
275,0.341091481607,0.0193840035345,1.52562777923,-10.3027100452,-9.46219759836
276,3.27538076568,1.45390101962,6.42074387083,-44.3843972426,-40.6512401162
277,0.718718548861,0.11821639289,2.28658920629,-15.9266498214,-15.807778939
278,1.39317079267,0.429497640386,3.29834942904,-24.4289709535,-24.2343595
279,0.302718618768,0.017259873215,1.33876340404,-11.4838402193,-10.3820329161
280,0,0,0.652111544747,-4.80339894888,-1.87288501404
281,0.297743899401,0.0169838593995,1.31439556382,-12.5549561598,-11.4120292122
282,2.31877376756,0.903216444012,4.90468018628,-32.3091513306,-30.7394057238
283,0.722769798576,0.118949558419,2.30757505994,-14.680730785,-14.5674793624
284,1.82214926303,0.646316860773,4.00901404882,-28.3798534243,-27.6531596571
285,0.659408391943,0.10926339338,2.05378382182,-19.2950059255,-19.0965024877
286,1.54528082149,0.468008960209,3.7845920478,-26.2759600017,-25.9645983677
287,0.965681395053,0.238881591419,2.53817684676,-22.3226884131,-22.3208655116
288,0.312117856188,0.0177838933095,1.38403378112,-10.6436271135,-9.61378286672
289,0.965498299031,0.238997978876,2.53762806427,-22.0396116608,-22.0377678402
290,2.4402413919,0.94716056192,5.26386008229,-33.5087830788,-31.7781274194
291,0.999086464001,0.247243499914,2.62296729059,-20.7176820279,-20.7176807918
292,2.67246284294,1.13252731429,5.30150163616,-38.6146690792,-36.1797906589
293,4.29078859985,1.9586848141,8.84767076888,-44.5743293372,-38.8443942033
294,2.75329941371,1.16101643936,5.53071118591,-37.5545367281,-35.0138132785
295,5.82726999703,2.56762891866,23.9577740805,-64.4677000439,-56.1594166306
296,1.74231176797,0.618534530587,3.83396329775,-29.1566651903,-28.5253039336
297,2.49919344146,0.970875311685,5.32468449678,-35.5436815567,-33.7274805253
298,5.25746109471,2.50681414821,10.6106820618,-52.6155479262,-44.6825844641
299,0,0,10000,-3.01945554669,-3.01945554669
300,0.963961253741,0.238784428082,2.52409181974,-21.5789016941,-21.5768786796
301,5.0433939838,2.38949493107,10.594556536,-49.8280672974,-42.3019597614
302,4.34692094468,1.98375586832,8.46717088567,-49.9057840494,-44.1399892815
303,1.68562034835,0.597421513904,3.72406601105,-31.2608844795,-30.7003739131
304,2.43070306145,0.843556547148,5.63982777194,-24.6161762068,-23.2054193948
305,0.634469688808,0.105181761585,1.98215129834,-14.093729304,-13.8553772851
306,2.36088259186,0.920859876906,4.97701971782,-34.0351657518,-32.4009677256
307,0.29656256252,0.016916698314,1.3091541015,-12.4015875242,-11.2492340231
308,0,0,0.652111544747,-4.80339894888,-1.87288501404
309,2.6375075123,1.11806379929,5.2371694299,-41.0891613735,-38.7091965822
310,0,0,0.586413634852,-6.01501224288,-2.74787828369
311,2.48460829951,1.0497092221,4.99810213404,-36.8686690365,-34.7529858978
312,0,0,0.604049206921,-5.57652639778,-2.40752716333
313,3.21228522627,1.43451551432,6.22972736382,-45.5459796918,-41.8717672609
314,2.21131692882,0.86653753557,4.62243026662,-32.632925824,-31.2002157577
315,1.07961442809,0.266107852315,2.859308563,-18.0877401275,-18.0793536516
316,0.737161833228,0.120870421244,2.37492175561,-15.5987785256,-15.5000160079
317,2.35270654988,0.918057887709,4.98225467093,-32.8286609126,-31.2049291523
318,2.3611046676,0.898132192329,5.35065840341,-37.0744756185,-35.5192883173
319,2.17401874517,0.749455887987,5.06358763448,-30.490067273,-29.3940639788
320,8.65685143857,4.07481246941,71.0457600567,-70.1691499358,-56.076593199
321,2.10122637468,0.728198212302,4.90901900546,-26.9573319717,-25.9373359751
322,8.22597535894,3.83870801545,27.8972937736,-72.3417722779,-59.1357618815
323,12.7508014895,5.24800782463,10000,-77.6239342857,-61.1991055592
324,1.51752019575,0.461287842913,3.71725683706,-25.4199413618,-25.1311072402
325,3.06538423388,1.37093262224,5.97593316062,-49.2691481282,-45.8362164564
326,3.64955158534,1.62543801289,7.19600418776,-47.3671032994,-43.0107146174
327,2.63776412377,0.980028032251,6.13075361186,-32.1344066312,-30.2834600865
328,0.943073108007,0.23383420523,2.46368779142,-20.5691448166,-20.5639344963
329,4.36268856234,2.03505926226,8.58358224589,-50.5062045845,-44.4227860455
330,2.21718483711,0.866873106397,4.62937853044,-35.3102491644,-33.8759578141
331,2.27965082414,0.892503622419,4.76750322054,-33.1498162671,-31.6206267323
332,1.66650368706,0.59300016415,3.64710136675,-33.6616810043,-33.1175933188
333,0.311152553745,0.0177376007839,1.3767063437,-10.4140629106,-9.37451579843
334,1.42451886533,0.438665174999,3.36846540418,-23.6678955422,-23.4488206672
335,1.33462041443,0.410853670691,3.17264234494,-27.1829069152,-27.0342804673
336,0.345408079013,0.0196145415334,1.54838786697,-9.51915101579,-8.70419899403
337,0.712398863917,0.117024605604,2.26084125167,-15.6574237455,-15.5323493028
338,4.40743604462,1.83829677884,9.91061990164,-42.7760256589,-37.8354241833
339,2.42567925641,0.924526268648,5.36119286382,-33.9913191696,-32.3407109282
340,2.25908550974,0.879695679048,4.77731029548,-34.3585360727,-32.8756905938
341,0,0,0.561168962046,-7.14756380084,-3.728268844
342,3.819810863,1.74687971475,7.63335017031,-49.3442111577,-44.3493543136
343,2.68884118793,1.12853320582,5.51874522545,-33.9571667491,-31.5399473289
344,0,0,10000,-2.40752716333,-2.40752716333
345,3.52476776345,1.53000583761,7.1840032721,-47.1304342533,-43.1462641368
346,119.636055502,0.560046324742,10000,-7.34774933129,-5.94530561805
347,137.902501323,0.564622208,10000,-7.12798129097,-5.72553757773
348,0,0,7.62266118651,-3.64482308529,-3.37358418345
349,3.84863905249,1.79148412297,7.42428219626,-49.9790394452,-44.794369123
350,0.68117908428,0.112710640057,2.13227263643,-12.7566665759,-12.5911039083
351,0.305482154445,0.0174187188026,1.35054244772,-10.8304959588,-9.74882127774
352,3.95517699218,1.82948422365,7.75979440805,-48.4036961437,-43.0941832461
353,1.12749929413,0.276660814504,3.01767736431,-19.5608695135,-19.5410343445
354,4.8404798449,2.28877677175,9.4424941819,-59.4993074521,-52.365537093
355,0.709960077897,0.117024234228,2.25374012062,-14.4289037031,-14.3009655804
356,3.2962499961,1.51209801302,6.30550442634,-48.2544934579,-44.2305235119
357,0.323630461162,0.0184182578227,1.44213562748,-9.93024893298,-8.98299358929
358,0,0,0.652111544747,-4.80339894888,-1.87288501404
359,0.637088016173,0.105686124373,1.98412505153,-15.5415616912,-15.3068160286
360,1.46667028298,0.446876006386,3.52307441172,-27.781325474,-27.5326812796
361,2.03358490352,0.69844351616,4.98995524988,-31.2494116357,-30.3284371208
362,4.1181093934,1.90395208813,7.93385993183,-44.0558089567,-38.4996467622
363,2.59251498492,1.03510045156,5.33769089614,-29.2345272316,-27.1865943882
364,0.625204270123,0.103691029729,1.94496407489,-15.7484200003,-15.4911784115
365,5.06382486872,2.51559890117,9.48979638837,-60.5365939562,-52.1226160824
366,0.660968172508,0.109439561217,2.06259456458,-15.5964782454,-15.4009491632
367,1.30329749426,0.402584436988,3.07476535472,-28.9051036539,-28.7776739938
368,3.13489325849,1.40369852022,6.093843828,-44.9830896279,-41.4239168594
369,3.83218627066,1.77151594222,7.50071025767,-47.9324856705,-42.8333777028
370,5.05866072315,2.40199089887,10.0899240118,-51.5727876836,-44.0121448887
371,1.76027653534,0.624014527893,3.89174925074,-28.1166088377,-27.4662043003
372,1.05387667426,0.260214761596,2.7831148361,-18.3949494024,-18.3909706446
373,5.19090629747,2.40953565385,11.3113627852,-55.0957617088,-47.5734201826
374,2.26676858206,0.877236149632,4.86670180001,-35.1311548115,-33.6555883174
375,5.73547952706,2.74834417437,12.166326564,-52.1303473165,-43.1980645771
376,5.3278889466,2.44356845348,11.3803748811,-55.4762313784,-47.8955949669
377,1.10179774577,0.270363277944,2.96158176484,-20.3203673201,-20.3071858984
378,0.947135077577,0.234811663865,2.47491944276,-20.5352012715,-20.5307350126
379,1.44987293358,0.441788711201,3.53152294937,-24.4882962441,-24.2541882051
380,0,0,0.652111544747,-4.80339894888,-1.87288501404
381,1.36119726515,0.41713437485,3.2615134951,-25.5222881611,-25.3563702677
382,2.14510187928,0.768061057983,4.68776065753,-31.8139166458,-30.6720302434
383,0,0,0.652111544747,-4.80339894888,-1.87288501404
384,0.305639588198,0.0174240483617,1.35244002912,-11.434826531,-10.3555854185
385,0.349376309678,0.0198519577101,1.56690943573,-9.01793553715,-8.22478759234
386,0.651864621517,0.107813791187,2.04126535543,-14.9830157247,-14.773794279
387,2.78622377384,1.17416912298,5.59300267223,-38.518807634,-35.9292759635
388,0,0,0.586413634852,-6.01501224288,-2.74787828369
389,2.79031940919,1.15049029941,5.77324058561,-42.5110713917,-40.0187406075
390,0.721436702056,0.118692764492,2.30092044183,-16.3767926746,-16.2614945642
391,0.681018198284,0.112642231305,2.13436241743,-13.7535252123,-13.5879582081
392,2.10663801338,0.762041947916,4.5553639632,-25.0034260236,-23.8885340244
393,2.00425192899,0.703426863934,4.4888131861,-29.4432991229,-28.5143772708
394,2.16241501252,0.7932619012,4.63705481295,-31.323358653,-30.1081948264
395,0,0,0.561168962046,-7.14756380084,-3.728268844
396,0,0,0.561168962046,-7.14756380084,-3.728268844
397,0.323261820594,0.0184048258889,1.43787823161,-10.1679697749,-9.21625355477
398,3.56215455691,1.53827492199,7.38746794988,-47.2472143323,-43.2351273726
399,5.26921375062,2.44315748884,11.3336206793,-51.74876689,-44.1247162571
400,1.79835606064,0.638199667242,3.94754546184,-28.1697525873,-27.4710840237
401,1.75303822233,0.621238195015,3.87095111091,-27.6667601599,-27.0259411545
402,2.28246757368,0.895376675525,4.74314492045,-32.312270921,-30.7728652373
403,0.309120481024,0.0176210655645,1.36821592925,-9.63419032719,-8.58062702379
404,1.78888062774,0.634430396649,3.93114862717,-29.8351478795,-29.1489059943
405,5.46177729139,2.45231921317,11.4748111026,-53.2778357031,-45.7628074408
406,0,0,0.652111544747,-4.80339894888,-1.87288501404
407,1.33154581488,0.410640199244,3.14372553942,-26.3794347552,-26.2325229142
408,2.14561663264,0.8433599038,4.44765952092,-38.4029421468,-37.0574955487
409,0,0,0.652111544747,-4.80339894888,-1.87288501404
410,0.661371885152,0.109576483513,2.062371494,-13.9644097065,-13.7696028049
411,0,0,0.652111544747,-4.80339894888,-1.87288501404
412,0,0,0.604049206921,-5.57652639778,-2.40752716333
413,0.322342461072,0.0183617553262,1.43039101224,-10.3491081379,-9.38874150594
414,0,0,0.586413634852,-6.01501224288,-2.74787828369
415,3.67751345428,1.7115257917,7.10975100498,-52.8791782991,-47.9854809914
416,3.4960372471,1.53921838532,6.97391117794,-43.7800622129,-39.7473043124
417,0,0,0.620196035997,-5.94486650302,-2.8542631647
418,3.21228522627,1.37596052718,6.35675151806,-37.7111257401,-34.3661995871
419,0.640445197119,0.10618946897,1.9930566886,-13.8528734418,-13.6234538697
420,3.29091672049,1.45192767366,6.72870993547,-44.5021970989,-40.7744662066
421,0.684104161842,0.113125514316,2.14503172231,-13.761917645,-13.6005837253
422,0,0,0.586413634852,-6.01501224288,-2.74787828369
423,0,0,0.586450692818,-6.01392213004,-2.74700109065
424,1.79225446391,0.635126187014,3.95754829656,-29.4925931368,-28.8036330827
425,0,0,0.571430239291,-6.55642787357,-3.20074137061
426,0.354272544527,0.02009250327,1.60099544032,-9.38082958338,-8.61932500096
427,0.311397474436,0.0177460770861,1.379853134,-11.3991300602,-10.3632537755
428,2.21718483711,0.867793431137,4.61503922588,-34.0635194521,-32.6261778039
429,0,0,0.652111544747,-4.80339894888,-1.87288501404
430,1.33774041051,0.41221395889,3.16196461805,-25.8975136347,-25.7467445806
431,2.13360813612,0.836099553459,4.46119083549,-39.9532135208,-38.6338792197
432,0,0,0.652111544747,-4.80339894888,-1.87288501404
433,0.308972390451,0.0176128404517,1.36749641064,-11.3842377157,-10.3295484148
434,1.39102973905,0.428153461473,3.30229441094,-22.232588922,-22.0403813367
435,0.631427603144,0.104765446294,1.96598145867,-16.2275451988,-15.9825768958
436,0.302238330319,0.0172361004594,1.33549376111,-12.072421791,-10.9657059643
437,0.689736516424,0.114017750757,2.16483056181,-14.138722919,-13.9848863595
438,3.92579468796,1.82309962089,7.5976130557,-47.9234946181,-42.6322665742
439,0,0,0.652111544747,-4.80339894888,-1.87288501404
440,0.310234478155,0.017683000603,1.37363684346,-10.9397067281,-9.89457737285
441,2.85544342205,1.20074331875,5.74835533811,-37.2257793695,-34.5387518599
442,3.27115569986,1.46306478728,6.34689544846,-43.6531860071,-39.8736336124
443,2.01842655083,0.686861185471,4.84289677231,-31.9225514362,-31.0349218543
444,3.28756376563,1.45587114924,6.5102123272,-44.0996530665,-40.3586406101
445,0.314310743121,0.0178948447204,1.39855851449,-11.4891487292,-10.4788791792
446,1.88196316827,0.665694564527,4.16826360216,-29.9449542147,-29.1500300488
447,2.88732768759,1.21100603802,5.95933299068,-40.135616589,-37.4098139635
448,0,0,0.586450692818,-6.01392213004,-2.74700109065
449,0.354336471453,0.0200957774036,1.60138899493,-10.2500753325,-9.48894583308
450,0.323143448865,0.0183978178475,1.43747131472,-10.8151483414,-9.86276822506
451,0,0,0.652111544747,-4.80339894888,-1.87288501404
452,4.67802178608,2.2521934927,8.80887444531,-49.3282010703,-42.2662761443
453,1.40380098494,0.429515543857,3.3965564668,-25.995319723,-25.7966081724
454,0,0,0.652111544747,-4.80339894888,-1.87288501404
455,3.21229275507,1.30444341403,7.14036988372,-41.2291165835,-38.1887898991
456,0,0,0.562972949985,-7.01932544933,-3.61139590397
457,0,0,0.652111544747,-4.80339894888,-1.87288501404
458,0,0,0.574116715903,-6.44042771737,-3.10098659994
459,0,0,0.620196035997,-5.94486650302,-2.8542631647
460,0,0,0.604049206921,-5.57652639778,-2.40752716333
461,0.612127245555,0.101665971996,1.89934363351,-17.7233148397,-17.4397268854
462,0,0,0.574400975767,-6.42877427588,-3.09104245336
463,2.17885315279,0.844628603641,4.65273134714,-36.8890391462,-35.5342939516
464,2.13812378781,0.841020440504,4.44075955818,-33.6806241218,-32.3442186707
465,3.76027082147,1.76175808686,7.11645026135,-47.3313112494,-42.2426346795
466,2.10669121372,0.826527788194,4.39813784833,-28.0567146442,-26.7736544076
467,3.02316820993,1.26702570618,6.13547258805,-40.1741046173,-37.247456343
468,0,0,0.586450692818,-6.01392213004,-2.74700109065
469,3.35297610683,1.48285655477,6.63227670775,-46.3239431728,-42.4867714264
470,0.316567503775,0.0180395501046,1.40273573509,-9.99688256966,-8.99665034922
471,0,0,0.620196035997,-5.94486650302,-2.8542631647
472,0,0,0.586450692818,-6.01392213004,-2.74700109065
473,5.35402401791,2.63582610056,10.466414213,-55.5377659148,-46.7535938833
474,0,0,0.571430239291,-6.55642787357,-3.20074137061
475,0.354336471452,0.0200957774036,1.60138899493,-10.4913319922,-9.7302024928
476,3.38485536804,1.38874453435,7.08654193483,-42.6476655087,-39.3146257839
477,1.03749188712,0.255927915477,2.74377297554,-20.0339955728,-20.0320313071
478,0,0,0.652111544747,-4.80339894888,-1.87288501404
479,4.97356688695,2.39017891818,9.39818430078,-58.1030519747,-50.5861306964
480,2.21715636197,0.870612466017,4.60980476571,-32.5525537755,-31.1051081613
481,0,0,0.652111544747,-4.80339894888,-1.87288501404
482,0,0,0.57654194734,-6.344372181,-3.01945554669
483,0,0,0.559477671467,-7.28267535603,-3.85265256369
484,0,0,0.57090298709,-6.58055698035,-3.22166263578
485,0.302000489634,0.0172191940429,1.33550788203,-11.8789516815,-10.7716212352
486,0.314288387001,0.0178936123124,1.3984459664,-10.2863904042,-9.27595639849
487,0.677224211218,0.111790036479,2.1377284004,-14.7388540619,-14.5693538966
488,0,0,0.586450692818,-6.01392213004,-2.74700109065
489,1.36837498919,0.421588158707,3.23692039363,-26.8741344711,-26.6998656051
490,1.3123506033,0.404107130884,3.11134116092,-26.9457582245,-26.8136415889
491,0.313948481378,0.0178877132626,1.39229351473,-9.92750162548,-8.91046136119
492,2.75141212703,1.15582217588,5.61796538766,-37.583782276,-35.0636832198
493,0,0,0.652111544747,-4.80339894888,-1.87288501404
494,1.85918798605,0.658837345462,4.09357071692,-25.5480238258,-24.7781159028
495,1.82382606477,0.644718400604,4.05308293446,-31.442746955,-30.7198919819
496,2.10141502217,0.824779702205,4.38341138305,-28.0324445392,-26.7560740445
497,0,0,0.586450692818,-6.01392213004,-2.74700109065
498,2.20890106402,0.865825952756,4.61123893106,-35.7530580138,-34.3230584735
499,3.03896708548,1.34796812712,6.20096124395,-47.0625809255,-43.7229299311
500,2.79664699409,1.05203433264,6.29515632384,-36.0738945436,-33.9726701272
501,1.67660588015,0.595513760581,3.70327215065,-30.2303395907,-29.6759202573
502,1.87158259195,0.662781497676,4.12733768207,-27.6619861097,-26.8776746564
503,0,0,0.652111544747,-4.80339894888,-1.87288501404
504,1.01263042349,0.250513641919,2.65836621562,-19.3473935581,-19.3471615453
505,3.96356086656,1.84152168237,7.69197551117,-44.0667714635,-38.7093052195
506,0,0,0.652111544747,-4.80339894888,-1.87288501404
507,0.317849576975,0.0181109007762,1.40889370596,-9.88411962496,-8.89295238009
508,0.733563476486,0.120943563111,2.32108236271,-12.6523810407,-12.5484220618
509,0,0,0.604049206921,-5.57652639778,-2.40752716333
510,3.2277639671,1.44598518212,6.25842144032,-43.679822456,-39.9613377707
511,0,0,0.561168962046,-7.14756380084,-3.728268844
512,0.967167980407,0.239085172972,2.54853844462,-22.0598793836,-22.0582182699
513,0,0,0.652111544747,-4.80339894888,-1.87288501404
514,0.311397474436,0.0177460770861,1.379853134,-10.7619036696,-9.72602738488
515,1.79878595432,0.638281354522,3.95035719726,-30.507761997,-29.8087532723
516,2.29974125041,0.891901044918,4.87614627287,-27.8946050745,-26.3653227742
517,1.44281456506,0.440726931654,3.48417028397,-25.9898481307,-25.760444775
518,1.73868736029,0.616738254998,3.83284210876,-32.0717230719,-31.4467074885
519,3.16751059825,1.40812574059,6.25303485355,-46.4190108136,-42.8515554797
520,1.89824644795,0.670795381721,4.20684309412,-30.3373542893,-29.5246618468
521,0.322128712663,0.01835000518,1.42926999849,-10.5924983623,-9.63063722544
522,5.41036242342,2.6186171271,11.5313834274,-59.4935832377,-50.8018633302
523,2.32252326164,0.899407931271,4.98947185715,-34.4832536904,-32.9263847229
524,0,0,0.652111544747,-4.80339894888,-1.87288501404
525,4.07253282798,1.83970402223,8.11800589747,-50.7620458611,-45.480759412
526,3.64166927132,1.70930797441,6.90308334232,-47.9478737975,-43.0469915389
527,0,0,0.652111544747,-4.80339894888,-1.87288501404
528,1.35215167677,0.41733671559,3.18700783494,-25.5381875658,-25.3756415334
529,2.82056771453,1.18511178653,5.76231865259,-33.3879113175,-30.7581736354
530,0.709353549885,0.116831803043,2.24761864131,-14.7129180245,-14.5833663373
531,0.322989508659,0.0183973376955,1.43363874365,-9.83314696046,-8.877276576
532,0.999093733342,0.247432011152,2.61737550555,-17.0651911098,-17.0651898906
533,0,0,0.604049206921,-5.57652639778,-2.40752716333
534,0.958327172796,0.237695301033,2.50366121521,-20.6493401401,-20.6466070712
535,0,0,0.586413634852,-6.01501224288,-2.74787828369
536,2.20578179592,0.85614493438,4.71788428836,-36.9112569585,-35.514866764
537,0.711179821356,0.117277038254,2.25631588995,-14.0021137812,-13.8755809871
538,2.03988823439,0.714720662628,4.6263754556,-26.9054264983,-25.9364204021
539,3.46577009249,1.5374168711,6.8538273658,-39.508593674,-35.4684892414
540,0.354308806281,0.020136006586,1.58685807381,-8.32717641919,-7.55809817703
541,0.306891603985,0.0174859519956,1.36123609991,-11.1778666866,-10.1111491571
542,3.31631313281,1.4478672907,6.72248715925,-43.1223374586,-39.425526979
543,2.71180778341,1.02228233442,6.12206525995,-32.7293617641,-30.7304467377
544,2.25908550974,0.885438021169,4.69027999584,-32.7195652348,-31.2170137638
545,1.38901087822,0.42832334703,3.27196603868,-23.7741117428,-23.5830746869
546,4.42790324543,2.13077189354,8.56097975557,-55.9506823738,-49.2643814392
547,2.62630688085,1.10804035351,5.30546019653,-41.2201714174,-38.8795417163
548,0,0,0.652111544747,-4.80339894888,-1.87288501404
549,5.18507200106,2.55947623298,9.68216960396,-57.0428162579,-48.6658091309
550,0.687986492768,0.113782159792,2.15680758691,-12.4173140846,-12.2610039813
551,0,0,0.652111544747,-4.80339894888,-1.87288501404
552,1.69931146469,0.604520109148,3.7392782306,-30.3522688786,-29.7686895518
553,1.00558211774,0.248710434885,2.64464978957,-20.6662629618,-20.6662172709
554,0,0,0.652111544747,-4.80339894888,-1.87288501404
555,0.317849576975,0.0181109007762,1.40889370596,-9.88411962496,-8.89295238009
556,0.954398351314,0.236616053624,2.49559180897,-23.3768020356,-23.3735154222
557,0,0,0.604049206921,-5.57652639778,-2.40752716333
558,1.41544386706,0.435423283279,3.35733338859,-23.4709626944,-23.2600050767
559,0,0,0.586413634852,-6.01501224288,-2.74787828369
560,2.78323025612,1.17470061357,5.58399158141,-38.7290705984,-36.1366863362
561,0,0,0.620196035997,-5.94486650302,-2.8542631647
562,2.36042862081,0.923422517456,4.94019982517,-34.6943517422,-33.051247079
563,1.36336895124,0.419739415526,3.23088156235,-26.6109178024,-26.440706135
564,1.92566659696,0.67936148712,4.29107128421,-26.1631887836,-25.3196539769
565,1.81937296753,0.645434607581,3.99606937317,-28.6675109091,-27.9438565282
566,2.57168397076,1.08098382994,5.27688691977,-44.3764074649,-42.1403493094
567,1.78631737108,0.63020189356,3.99845888473,-30.9341253374,-30.2597318277
568,1.65052675337,0.505957166667,3.93882181194,-23.5909701707,-23.1752117991
569,1.10180119922,0.270363791688,2.96160132435,-19.3317488849,-19.3185666638
570,0.324790893394,0.0185132467631,1.43806033568,-9.98751702491,-9.03993440255
571,1.36793310824,0.422040489635,3.22168709089,-24.0900188143,-23.9154638921
572,1.44281456506,0.442642258769,3.4378885789,-20.4068428966,-20.1750406557
573,0.315553038558,0.0179827252508,1.39789972794,-9.83968603992,-8.83229437068
574,1.44566648356,0.443706300432,3.44649739996,-23.6819756016,-23.4473313962
575,1.90231937072,0.672563395944,4.21996448699,-27.6985825339,-26.880190721
576,0,0,0.652111544747,-4.80339894888,-1.87288501404
577,2.92851664183,1.25951948433,5.78108924456,-41.4926956589,-38.5684398614
578,3.70132220711,1.61919146355,7.63522873275,-43.6053152573,-39.2930628988
579,1.14650932306,0.281548547611,3.07916344183,-16.5332515499,-16.5070310616
580,0.672194925672,0.111251646654,2.09876473392,-14.6261152759,-14.4472191013
581,0.354272544527,0.02009250327,1.60099544032,-9.38082958338,-8.61932500096
582,0.31890976047,0.0181695987271,1.41412936687,-9.52306779145,-8.53942567656
583,2.82140362264,1.18749735347,5.67757766169,-37.969113103,-35.3305636827
584,0,0,0.586413634852,-6.01501224288,-2.74787828369
585,3.39068509946,1.49956987668,6.67868190363,-47.8258687441,-43.9297285946
586,0.31528939615,0.0179587420209,1.40009403958,-10.4611460687,-9.45495625828
587,1.39881912806,0.431376465436,3.29876526781,-23.6079333579,-23.4091965157
588,0,0,0.561168962046,-7.14756380084,-3.728268844
589,4.29888101963,1.985261171,8.52397604913,-47.7778273157,-41.9172658325
590,0,0,0.561168962046,-7.14756380084,-3.728268844
591,0.664140253496,0.110006855386,2.07263194291,-14.4824942698,-14.292049617
592,0.610387602956,0.101308983483,1.89489959277,-18.4026986326,-18.1153295831
593,0.300682436386,0.0171418064317,1.33038680613,-13.2832734462,-12.1666949487
594,2.88322880964,1.20800299778,5.8809753697,-37.2167255626,-34.5044032026
595,0,0,0.586450692818,-6.01392213004,-2.74700109065
596,0.737114286575,0.121569314869,2.32965235502,-13.5400970469,-13.4394048619
597,0,0,0.576112474803,-6.36084784814,-3.03336881461
598,0,0,0.553902039037,-7.90263176036,-4.43673747925
599,2.4998585009,1.06169415706,4.9638420263,-30.9588779315,-28.7957723777
600,0,0,0.57654194734,-6.344372181,-3.01945554669
601,0.64481160723,0.106815068253,2.01220961169,-15.1573763508,-14.9361472995
602,1.00711571778,0.249098891916,2.64719843765,-20.2869204408,-20.2868463876
603,1.39565504571,0.429804541579,3.30005109446,-23.5694831071,-23.3739205565
604,1.36392450611,0.419156457773,3.25374305949,-27.2147328528,-27.0449266998
605,0.717485393407,0.118193161751,2.28697792737,-14.585799799,-14.4668865849
606,0,0,0.652111544747,-4.80339894888,-1.87288501404
607,0.339478041594,0.0193336140121,1.50715653072,-9.43745759141,-8.58091648494
608,2.25242803787,0.882270136474,4.70391604247,-33.6422484737,-32.1510118687
609,2.29905664904,0.899861604471,4.81126357406,-35.6227675843,-34.0663782904
610,0.320821070489,0.0182765787065,1.42320356963,-9.89703179805,-8.92643474128
611,1.35340128403,0.417487112577,3.19078082933,-26.8097687233,-26.646467221
612,0.612896947784,0.101775226391,1.89981106407,-14.4551642001,-14.1724807176
613,2.77163543473,1.13823769171,6.20499306509,-41.0487515759,-38.5998278532
614,0,0,0.561168962046,-7.14756380084,-3.728268844
615,1.40235239291,0.431796348225,3.31894383553,-26.3209797154,-26.1201484957
616,2.99652738811,1.33916075775,5.9066692014,-44.4708591813,-41.1589941978
617,0,0,0.567412729862,-6.753876921,-3.37358418345
618,3.38571674484,1.41488257145,7.09518593324,-35.8348078989,-32.3867905998
619,1.78084130361,0.632487226838,3.90906668807,-29.8433320047,-29.1651712952
620,0.31783417474,0.0181308052974,1.40285397576,-12.2472172389,-11.2503098094
621,3.70877355259,1.60341439506,7.62159148266,-46.3194047349,-42.0823287855
622,2.91539282526,1.22930910197,5.85859873588,-39.2921785878,-36.4983691882
623,2.45615793521,0.986331750344,4.98422010346,-33.1869819171,-31.3164685082
624,1.41167120823,0.434458539346,3.34208898955,-21.0874136695,-20.8791286285
625,0.327476900968,0.0186612603688,1.45139214008,-10.0461516042,-9.11664230026
626,0.354336471452,0.0200957774036,1.60138899493,-9.67204824317,-8.91091874373
627,1.07003085294,0.263728790307,2.83859446987,-17.6177440519,-17.6111870958
628,0.310882299957,0.0177139428013,1.3784631434,-10.0600228243,-9.02140052441
629,1.94931615751,0.690792133431,4.29264766823,-27.876634541,-26.9960742253
630,0.322989508659,0.0183973376955,1.43363874365,-9.83314696046,-8.877276576
631,1.88732420091,0.653635262658,4.41879781939,-30.1078182999,-29.3431561753
632,0.307062362277,0.0174953640796,1.3620922791,-11.9054518588,-10.8400747101
633,0,0,0.561168962046,-7.14756380084,-3.728268844
634,0.640381143251,0.105951667091,2.00820117019,-16.8889193526,-16.6612689215
635,1.73868736029,0.615753495602,3.83009245571,-34.8666194385,-34.2439908055
636,1.88843333226,0.667301096788,4.18969747173,-27.2756479546,-26.4749967277
637,0.305420685015,0.0174100473589,1.35195634505,-11.2724334489,-10.1920941578
638,0.970434149788,0.240427141259,2.54274514681,-21.2839537596,-21.2826051673
639,4.02702614435,1.87158403074,7.77943318139,-42.9117210904,-37.426313107
640,0.656137631506,0.108698495097,2.04214773656,-13.6113130099,-13.4072532428
641,2.28886446118,0.894275041519,4.82133936686,-35.1026032462,-33.5663818634
642,1.87210574552,0.661569282207,4.1700602825,-30.3577345707,-29.5766803222
643,0.323261820594,0.0184048258889,1.43787823161,-10.1580256283,-9.20630940819
644,0.762819653172,0.127527144644,2.34889380248,-13.0413296552,-12.9607155007
645,4.49866667294,1.8856880986,9.95068987018,-46.9598466899,-41.8807009915
646,1.83713718619,0.649971161294,4.06684099803,-28.8532861008,-28.1129028888
647,3.00869991524,1.35440564021,5.77469537629,-34.1630026206,-30.7873390851
648,2.0915656295,0.729188278161,4.8033982467,-27.1176460625,-26.0970871635
649,2.20604532922,0.860332112804,4.68293440702,-33.1909829571,-31.7801040484
650,0.670885216713,0.110874992411,2.10874423789,-13.436907667,-13.2577527693
651,1.07153782231,0.263703537768,2.85210022279,-18.1946264241,-18.1878177183
652,3.92897526683,1.77769925668,7.63150646895,-40.2027756605,-35.2626088128
653,4.32598404328,2.03338614836,8.57444607304,-48.6102487166,-42.3984773708
654,2.76412065367,1.16614746534,5.54894196141,-35.7728482521,-33.212662333
655,2.31297975314,0.9050920617,4.83592549737,-29.6988296354,-28.1230815713
656,0,0,0.652111544747,-4.80339894888,-1.87288501404
657,1.39884704842,0.430704024686,3.31802474982,-23.2379406537,-23.0400193989
658,0,0,0.562972949985,-7.01932544933,-3.61139590397
659,0.308533563778,0.0175830994079,1.3672093849,-11.4060656224,-10.3498739435
660,0,0,0.586450692818,-6.01392213004,-2.74700109065
661,0,0,0.562972949985,-7.01932544933,-3.61139590397
662,0,0,0.586450692818,-6.01392213004,-2.74700109065
663,0.304617492478,0.0173706053754,1.34631696946,-11.5486814104,-10.4601943885
664,0,0,0.652111544747,-4.80339894888,-1.87288501404
665,0.61511012966,0.101975434175,1.90570400732,-15.6483439851,-15.3687087567
666,0,0,0.652111544747,-4.80339894888,-1.87288501404
667,0.719877853072,0.118592250924,2.29686488325,-14.0805385563,-13.9644079453
668,0.627329733102,0.104092103858,1.95068438268,-15.6755220421,-15.422355591
669,0,0,0.571430239291,-6.55642787357,-3.20074137061
670,0.302228794226,0.0172376854963,1.33477839197,-11.7364368232,-10.6288673375
671,0.98026563977,0.242717974993,2.56980790906,-20.8487835352,-20.848190938
672,1.71359482274,0.607208888693,3.7929928844,-31.6845485213,-31.0902169908
673,0.998396805137,0.247229866975,2.61634468837,-20.6029560585,-20.6029522421
674,1.73097744519,0.612213969003,3.85018416827,-28.367124183,-27.7547555541
675,1.36119726515,0.42007306218,3.20577190601,-25.7966926943,-25.6272273372
676,0.305279482559,0.0173970322544,1.3531511884,-11.2954773828,-10.2159944709
677,0,0,0.581526389813,-6.16746084724,-2.8719888873
678,1.40598500444,0.431873499535,3.35408672138,-25.7569339599,-25.55429565
679,3.13980289368,1.38592323002,6.32681410649,-47.1712429813,-43.6919626701
680,0,0,0.562972949985,-7.01932544933,-3.61139590397
681,0,0,0.574116715903,-6.44042771737,-3.10098659994
682,0,0,0.57090298709,-6.58055698035,-3.22166263578
683,0,0,0.586450692818,-6.01392213004,-2.74700109065
684,0,0,0.620196035997,-5.94486650302,-2.8542631647
685,0,0,0.620196035997,-5.94486650302,-2.8542631647
686,0,0,0.562972949985,-7.01932544933,-3.61139590397
687,0,0,0.604049206921,-5.57652639778,-2.40752716333
688,0,0,0.604049206921,-5.57652639778,-2.40752716333
689,0,0,0.576112474803,-6.36084784814,-3.03336881461
690,0.307968578688,0.0175521541077,1.36426769529,-10.7861005126,-9.72543021021
691,0.311539511234,0.0177542215411,1.38044487322,-10.7515747346,-9.7166615412
692,0.980604123727,0.242503601341,2.58403942323,-20.07137832,-20.0708090327
693,0.29501589869,0.0168330238375,1.30087215606,-11.5435380119,-10.3770276703
694,0,0,0.620196035997,-5.94486650302,-2.8542631647
695,0,0,0.569921386479,-6.62681053451,-3.26192688124
696,0.664738388126,0.110076533873,2.07620479637,-14.5451084928,-14.3557348739
697,0.30953191249,0.0176403104998,1.37139214449,-10.9752061274,-9.92597315183
698,0.346538631877,0.0196892598594,1.55474085593,-9.33841103888,-8.53075474304
699,0,0,0.620196035997,-5.94486650302,-2.8542631647
700,0,0,0.57654194734,-6.344372181,-3.01945554669
701,0.312098314599,0.0177828131926,1.38397077447,-11.0523729972,-10.0223844443
702,0,0,0.683215665733,-4.67098295013,-1.87288501404
703,0,0,0.581526389813,-6.16746084724,-2.8719888873
704,0,0,0.581526389813,-6.16746084724,-2.8719888873
705,0,0,0.571430239291,-6.55642787357,-3.20074137061
706,0,0,0.620196035997,-5.94486650302,-2.8542631647
707,0,0,0.567412729862,-6.753876921,-3.37358418345
708,1.77064708093,0.628797454107,3.8850785896,-31.0412460217,-30.3755320322
709,0,0,0.586450692818,-6.01392213004,-2.74700109065
710,2.13812378781,0.8408372906,4.46024860911,-36.9848484389,-35.6487227617
711,0,0,0.652111544747,-4.80339894888,-1.87288501404
712,0.298836200411,0.0170456766167,1.31938842484,-10.790207151,-9.65601934254
713,0,0,0.652111544747,-4.80339894888,-1.87288501404
714,0,0,0.565752547543,-6.84618322785,-3.4556113582
715,0,0,0.562972949985,-7.01932544933,-3.61139590397
716,0,0,0.569921386479,-6.62681053451,-3.26192688124
717,0,0,0.574116715903,-6.44042771737,-3.10098659994
718,0,0,0.586450692818,-6.01392213004,-2.74700109065
719,0,0,0.620196035997,-5.94486650302,-2.8542631647
720,0.302117606503,0.0172282210694,1.33530836938,-10.3979745301,-9.29069473891
721,0,0,0.571430239291,-6.55642787357,-3.20074137061
722,0.329522757844,0.0187818739332,1.46104462104,-10.600445713,-9.68417101987
723,0,0,0.57090298709,-6.58055698035,-3.22166263578
724,0,0,0.620196035997,-5.94486650302,-2.8542631647
725,0,0,0.57090298709,-6.58055698035,-3.22166263578
726,0.30415090786,0.0173416795967,1.34503344145,-10.7163870976,-9.6252589543
727,0.312098398662,0.0177828131322,1.38393856464,-11.2460574742,-10.2160689212
728,0.329522757844,0.0187818739332,1.46104462104,-9.60134183978,-8.68506714662
729,0,0,0.620196035997,-5.94486650302,-2.8542631647
730,0.304355898324,0.0173502184709,1.34694521853,-11.9997311907,-10.9112200899
731,0,0,0.581526389813,-6.16746084724,-2.8719888873
732,0,0,0.571430239291,-6.55642787357,-3.20074137061
733,0,0,0.586450692818,-6.01392213004,-2.74700109065
734,0.298991635689,0.0170518508653,1.32092661899,-12.6786315456,-11.5466551754
735,0,0,0.57654194734,-6.344372181,-3.01945554669
736,0.321353483063,0.0182962451375,1.42939225075,-10.1035019304,-9.13955611842
737,0,0,0.569921386479,-6.62681053451,-3.26192688124
738,0,0,0.57654194734,-6.344372181,-3.01945554669
739,0.329522757844,0.0187818739332,1.46104462104,-10.9291981964,-10.0129235032
740,0,0,0.620196035997,-5.94486650302,-2.8542631647
741,0.329522757844,0.0187818739332,1.46104462104,-11.4567256697,-10.5404509766
742,0,0,0.620196035997,-5.94486650302,-2.8542631647
743,0.673319722699,0.111607344676,2.09863985067,-11.2920495874,-11.1148573049
744,0,0,0.604049206921,-5.57652639778,-2.40752716333
745,1.43384992891,0.439475732332,3.42908647213,-25.0995146915,-24.8754003677
746,0,0,0.565752547543,-6.84618322785,-3.4556113582
747,0,0,0.586450692818,-6.01392213004,-2.74700109065
748,0.329522757844,0.0187898076648,1.46155485455,-9.55857485268,-8.64305046574
749,0,0,0.576112474803,-6.36084784814,-3.03336881461
750,0,0,0.604049206921,-5.57652639778,-2.40752716333
751,0,0,0.569921386479,-6.62681053451,-3.26192688124
752,0,0,0.553902039037,-7.90263176036,-4.43673747925
753,0.298836200411,0.0170456766167,1.31935754122,-12.1180635076,-10.9838756991
754,0.338596297671,0.0192996256797,1.50398437599,-9.71458253929,-8.85426014352
755,0,0,0.586450692818,-6.01392213004,-2.74700109065
756,0,0,0.581526389813,-6.16746084724,-2.8719888873
757,0,0,0.589520868307,-6.86600246536,-3.61139590397
758,0.30953191249,0.0176403104998,1.37139214449,-10.9612928595,-9.91205988391
759,0,0,0.620196035997,-5.94486650302,-2.8542631647
760,0,0,0.57090298709,-6.58055698035,-3.22166263578
761,0,0,0.576112474803,-6.36084784814,-3.03336881461
762,0,0,0.574400975767,-6.42877427588,-3.09104245336
763,0,0,0.553902039037,-7.90263176036,-4.43673747925
764,0,0,0.576112474803,-6.36084784814,-3.03336881461
765,0,0,0.586450692818,-6.01392213004,-2.74700109065
766,0,0,0.652111544747,-4.80339894888,-1.87288501404
767,0.319960320383,0.0182169114667,1.423249802,-10.8978238145,-9.92485600155
768,0,0,0.604049206921,-5.57652639778,-2.40752716333
769,3.27458885658,1.46385436674,6.34410804357,-44.1948372893,-40.4136858712
770,0.306837385354,0.0174898402384,1.35856073859,-10.5788973265,-9.50930604585
771,0,0,0.571430239291,-6.55642787357,-3.20074137061
772,0,0,0.620196035997,-5.94486650302,-2.8542631647
773,0,0,0.620196035997,-5.94486650302,-2.8542631647
774,0,0,0.586450692818,-6.01392213004,-2.74700109065
775,0,0,0.620196035997,-5.94486650302,-2.8542631647
776,1.5479024566,0.482052217489,3.60842283831,-22.0500709202,-21.7168611115
777,0,0,0.652111544747,-4.80339894888,-1.87288501404
778,0.632459414891,0.104753757802,1.96982818626,-16.2435498546,-15.9994442089
779,0,0,0.57654194734,-6.344372181,-3.01945554669
780,1.83577475188,0.651629049151,4.043813666,-24.2210976665,-23.4772407585
781,0,0,0.581526389813,-6.16746084724,-2.8719888873
782,0,0,0.57654194734,-6.344372181,-3.01945554669
783,0.318693672791,0.0181458590065,1.41724695607,-10.8575916226,-9.87602699838
784,0,0,0.652111544747,-4.80339894888,-1.87288501404
785,0,0,0.652111544747,-4.80339894888,-1.87288501404
786,0,0,0.569921386479,-6.62681053451,-3.26192688124
787,0.300137888523,0.0171108335088,1.32794742401,-15.1833928566,-14.0625979696
788,0.310010899487,0.0176705788781,1.3725491852,-10.956007132,-9.90919254673
789,0.331724408842,0.018892629577,1.47506980739,-11.6729865196,-10.7731326562
790,0,0,0.581526389813,-6.16746084724,-2.8719888873
791,0,0,0.652111544747,-4.80339894888,-1.87288501404
792,0,0,0.562972949985,-7.01932544933,-3.61139590397
793,0.30363905985,0.0173132156454,1.34257701963,-12.0831067623,-10.9879056878
794,0,0,0.652111544747,-4.80339894888,-1.87288501404
795,0,0,0.652111544747,-4.80339894888,-1.87288501404
796,2.39421873573,0.933489110008,5.0544724033,-31.4054965908,-29.7250855064
797,0,0,0.569921386479,-6.62681053451,-3.26192688124
798,0,0,0.586413634852,-6.01501224288,-2.74787828369
799,0,0,0.574400975767,-6.42877427588,-3.09104245336
800,0,0,0.562972949985,-7.01932544933,-3.61139590397
801,0,0,0.652111544747,-4.80339894888,-1.87288501404
802,0,0,0.581526389813,-6.16746084724,-2.8719888873
803,0,0,0.553902039037,-7.90263176036,-4.43673747925
804,0,0,0.581526389813,-6.16746084724,-2.8719888873
805,0.306891603985,0.0174859519956,1.36123609991,-11.053756083,-9.98703855353
806,1.91266873742,0.675362826179,4.24914041953,-26.61174629,-25.7824328212
807,1.49007337259,0.45789401436,3.54215222384,-23.8720125348,-23.5989343354
808,0,0,0.652111544747,-4.80339894888,-1.87288501404
809,0,0,0.571430239291,-6.55642787357,-3.20074137061
810,0.614858681458,0.101878411362,1.90695617839,-17.53302372,-17.2531485489
811,0,0,0.565752547543,-6.84618322785,-3.4556113582
812,1.72832387861,0.6150722601,3.77567690112,-25.4442302024,-24.8261465181
813,0,0,0.589025001357,-5.99966023259,-2.74700109065
814,0,0,0.553902039037,-7.90263176036,-4.43673747925
815,0,0,0.569921386479,-6.62681053451,-3.26192688124
816,0,0,0.569921386479,-6.62681053451,-3.26192688124
817,0,0,0.652111544747,-4.80339894888,-1.87288501404
818,0.623830529296,0.103462626019,1.94109803359,-16.320983682,-16.0611542752
819,0.30475749289,0.0173706139492,1.34955940835,-11.4689444007,-10.3842762708
820,0.30395156468,0.017330195625,1.3441911644,-11.4436100456,-10.3510358916
821,0,0,0.652111544747,-4.80339894888,-1.87288501404
822,0.348192638834,0.0197842531502,1.5618259201,-10.1602781662,-9.36109675392
823,0.964738497523,0.23895003421,2.5271406246,-21.3200940176,-21.3181600301
824,0,0,0.571430239291,-6.55642787357,-3.20074137061
825,0.642824640732,0.106509257315,2.0019994212,-16.8135236465,-16.588136081
826,1.42136647831,0.435877741639,3.44234873219,-27.8771955992,-27.663116151
827,2.03358490352,0.71779717251,4.52278287362,-28.4490566528,-27.4726002343
828,1.99876824965,0.69259273793,4.58654233685,-29.3832032691,-28.4844508664
829,0.30287167585,0.0172641659401,1.3410830722,-11.6567805842,-10.5578723456
830,1.39793349585,0.430133728064,3.31662654973,-24.9888625031,-24.7919383845
831,0.983412798794,0.242914566297,2.59791259899,-20.129198723,-20.128784897
832,1.39560763594,0.430062748066,3.29479141547,-24.7757542455,-24.5797979012
833,2.06461127377,0.813287285781,4.27697233502,-35.6939941352,-34.4619376924
834,1.3751115272,0.421002651548,3.30575896545,-26.6264471338,-26.4497741205
835,1.46873098407,0.445556335515,3.60344146979,-24.9590283974,-24.7118896955
836,1.0078255176,0.249173421767,2.65929851709,-22.1875123784,-22.1874230769
837,2.84111147202,1.09624238811,6.15941354905,-35.6690200138,-33.4125288053
838,3.52713240151,1.34653870242,7.61485045551,-33.2903934305,-30.2333096201
839,119.636055502,0.505666455796,10000,-6.45352348471,-5.13481189528
840,2.47357187066,0.861507001437,5.77338779989,-31.3193410144,-29.8499483927
841,3.06938527954,1.28738636953,6.24172688876,-38.2628000794,-35.2624405271
842,1.59800927816,0.488932309516,3.83398058819,-26.6154067829,-26.2493237533
843,1.54082340666,0.47320040953,3.66541232803,-25.0296671027,-24.7121591153
844,2.04463427756,0.721970336311,4.5415592824,-29.3763393754,-28.3865911013
845,1.43931209623,0.442993424381,3.42250915486,-24.7958678082,-24.5649782366
846,9.12175851472,3.33149856878,147.052585615,-47.1672995426,-38.9908751518
847,2.37414498641,0.727303572153,5.70832747274,-22.7714854913,-21.654626351