site,MLE,Lower,Upper,LogL_global,LogL_local
1,0,0,10000,-3.48247637789,-3.48247637789
2,0,0,10000,-2.46885930244,-2.46885930244
3,0,0,10000,-2.96413842483,-2.96413842483
4,0,0,10000,-3.48247637789,-3.48247637789
5,0,0,10000,-2.88773648291,-2.88773648291
6,0,0,10000,-3.07177468427,-3.07177468427
7,0,0,10000,-2.46885930244,-2.46885930244
8,0,0,10000,-2.36384991512,-2.36384991512
9,0,0,10000,-2.36384991512,-2.36384991512
10,14.9741693052,0.0616947495904,10000,-6.03245610308,-5.95133568033
11,14.9741693052,0.0616947495904,10000,-5.91312293956,-5.83200251681
12,14.9741693052,0.0616947495904,10000,-5.51411815001,-5.43299772727
13,14.9741693052,0.0616947495904,10000,-6.37516927071,-6.29404884797
14,14.9225905513,0.0616919558746,10000,-6.02091114801,-5.93979072526
15,127.0,0.293110238618,10000,-9.76345363896,-9.31447889471
16,127.0,0.293110238618,10000,-9.26011933956,-8.8111445953
17,127.0,0.293110238617,10000,-9.85247929574,-9.40350455148
18,127.0,0.46806778029,10000,-11.9666611246,-11.2939557663
19,127.0,0.46806778029,10000,-12.0068848924,-11.3341795341
20,0.84536941831,0.125995223502,10000,-10.9080715848,-10.8885302959
21,127.0,0.46806778029,10000,-12.0512385533,-11.3785331951
22,127.0,0.390879601702,10000,-15.5733387842,-15.0201542595
23,127.0,0.679499080235,10000,-15.6106346682,-14.4987508071
24,1.68563849256,0.538555126958,4.87401576933,-20.6401763209,-20.1984746363
25,0.632818338842,0.153068734268,1.92296076026,-17.9148657082,-17.5963002558
26,1.7045125789,0.42468073888,6.65797349052,-19.4274221994,-19.1296744131
27,2.00425192899,0.603414901592,6.97336956823,-18.3208596397,-17.6480706011
28,5.2271005424,1.10826437326,59.2595514474,-25.1363597805,-22.9040002574
29,1.4095213731,0.410222421389,5.38669475305,-26.7345883324,-26.5795696994
30,1.52903377524,0.511798021151,8.36042026126,-29.346193825,-29.053455277
31,2.62761446472,0.915630435655,11.5104818218,-42.5309626103,-40.9363820087
32,1.48011075327,0.724243147358,4.4133377344,-51.0485692434,-50.4427546942
33,2.13133631125,0.892971034642,6.72557565146,-48.0125628902,-46.5778586817
34,4.30623957976,1.75557635617,24.9173166397,-67.8386394143,-61.9209814962
35,4.84596353696,2.07648563075,12.9169464305,-75.2108005605,-68.0357315877
36,2.63687232136,1.42695505648,5.44136393537,-80.0015565101,-75.3174950721
37,2.78339201756,1.43854834777,6.47683644312,-80.0088772568,-75.3143311788
38,5.08011425422,2.09350157915,14.6936201961,-98.6069064219,-89.707069331
39,12.661967583,2.56789991042,107.873170625,-98.0338964454,-89.8432044346
40,4.67802178608,2.26093228424,12.2403062891,-103.989066294,-94.537240314
41,2.49241045496,1.40597382648,86.5101160911,-109.15143668,-104.04220797
42,6.83051959858,2.75308038397,45.0931697444,-122.587879531,-110.201813349
43,2.84650565886,1.69175536497,5.34920921706,-133.241882391,-125.207168168
44,1.61144083362,1.11271557529,2.27764713935,-167.702980555,-164.585974235
45,1.88699793895,1.35749378924,2.58808239428,-221.176234086,-214.433572832
46,0.857420107082,0.650880240987,1.10477559816,-294.122814655,-293.437942543
47,1.16215403146,0.91852024145,1.44815413389,-398.384415239,-397.581527067
48,0.293211545622,0.188924181362,0.430492972393,-179.009994911,-152.21136335
49,0.600109795539,0.436925176244,0.800646908933,-249.29952495,-242.805758619
50,0.623728017505,0.460831786422,0.822025105097,-286.908106683,-280.913261831
51,0.392645874229,0.265804325326,0.555382380875,-200.862191739,-183.740068997
52,0.036395149868,0.00905329267215,0.0944285042226,-97.9023049348,-29.1581512499
53,0.396777846705,0.270713816614,0.557487934049,-188.915242715,-171.456554305
54,0.0243382494981,0.00404495275968,0.0751848705078,-94.6416590404,-22.6464089675
55,0.258667640547,0.160998590875,0.38993489996,-164.600652122,-134.997414779
56,0.535935310405,0.385694108696,0.721714633552,-256.392735595,-246.961847593
57,0,0,0.0230781832571,-85.2894031343,-2.81824803738
58,0.862428042346,0.662403356183,1.10093888167,-335.927946508,-335.243060682
59,0.206410973987,0.120933394255,0.325234315798,-145.858459426,-110.331996168
60,0.314914418535,0.206800752488,0.455708983089,-178.175525691,-153.11837957
61,0.325065187601,0.213355200419,0.470769159434,-183.573710786,-160.355725961
62,0,0,10000,-3.07452012856,-3.07452012856
63,0,0,10000,-3.37963671023,-3.37963671023
64,0,0,10000,-3.41397696533,-3.41397696533
65,0,0,10000,-3.41397696533,-3.41397696533
66,0,0,10000,-3.44315867685,-3.44315867685
67,0,0,10000,-3.07177468427,-3.07177468427
68,0,0,10000,-2.97565230043,-2.97565230043
69,0,0,10000,-2.97565230043,-2.97565230043
70,0,0,10000,-3.12166349417,-3.12166349417
71,0,0,10000,-3.44315867685,-3.44315867685
72,0,0,10000,-2.36384991512,-2.36384991512
73,0,0,10000,-3.47260341111,-3.47260341111
74,0,0,10000,-2.87167242562,-2.87167242562
75,0,0,10000,-2.97565230043,-2.97565230043
76,1.54419119266,1.24825527332,1.8906929039,-511.717418337,-504.137764146
77,0.820216668646,0.625533105819,1.05371182324,-324.083435083,-322.900473699
78,0.232785272467,0.140855847392,0.358001841861,-152.254205321,-119.899219594
79,14.9108989658,0.0756390169523,10000,-5.57763680831,-5.44762947328
80,14.9108989658,0.0756390169523,10000,-5.97633362805,-5.84632629302
81,14.9225905513,0.0756435610706,10000,-5.97664159785,-5.84663426282
82,1.88529610601,1.5272959968,2.30668439676,-509.769448128,-493.984616054
83,1.26835030083,1.01112552873,1.5693868612,-421.101768373,-418.995517486
84,0.963734716114,0.747327557601,1.22088270265,-359.141195314,-359.097068821
85,0.547754359449,0.397554166111,0.732399414459,-255.978271754,-246.806772961
86,1.02879074809,0.805366151272,1.2925453395,-380.669600176,-380.642073132
87,1.66071721205,1.34003377545,2.03610789377,-492.498426029,-482.525671451
88,127.0,0.418991977757,10000,-16.2091422908,-15.3441920332
89,127.0,0.863803036551,10000,-17.1909284537,-15.5673753454
90,127.0,0.39873924071,10000,-14.5668074068,-13.7555835847
91,127.0,0.863803036551,10000,-15.7407811516,-14.1172280433
92,0.477682922239,0.339227893777,0.650113268954,-234.110248179,-221.283930009
93,0.888833306034,0.684547704644,1.13217132735,-346.31835668,-345.880089884
94,0.525574802606,0.376399915064,0.710677950371,-239.964668411,-230.169771879
95,14.9108989658,0.0634910782336,10000,-6.40017956437,-6.31260642743
96,0,0,1.14947328285,-4.13569494617,-2.36384991512
97,0.721844277581,0.541441797442,0.93976698277,-291.910853588,-288.91930625
98,0.752625532425,0.56341234666,0.981999330738,-299.226408085,-297.021951969
99,0.292367042064,0.188385784473,0.429236330834,-186.088751153,-159.122689429
100,1.6629212402,1.30610478004,2.09541549,-380.326317,-372.393423114
101,2.40717302191,1.62690772563,3.62421136155,-178.568314824,-169.263403959
102,1.73076362745,1.40596712842,2.10990448092,-504.357822441,-492.078753707
103,15.0,0.0787005876708,10000,-6.25043134192,-6.10783784341
104,15.0,0.0787005876708,10000,-5.6447705158,-5.50217701729
105,15.0,0.0787005876708,10000,-6.16288645478,-6.02029295627
106,15.0,0.0787005876707,10000,-6.06364769627,-5.92105419776
107,15.0,0.0787005876708,10000,-5.93649383632,-5.79390033781
108,0.639658786513,0.0348665709062,5.26148354189,-7.22949526171,-7.12961765652
109,0.502843073831,0.0276543910516,10000,-8.93334785284,-8.68879789223
110,127.0,0.368066486241,10000,-9.03124914413,-8.40080647939
111,0.686797978945,0.0367006330702,10000,-6.96026338291,-6.89560168859
112,127.0,0.368066486241,10000,-9.47198072251,-8.84153805777
113,127.0,0.368066486241,10000,-9.14947439618,-8.51903173143
114,127.0,0.368066486241,10000,-8.85706046679,-8.22661780205
115,0.641241797042,0.034941047361,5.8931318184,-7.31325131338,-7.21506383322
116,127.0,0.368066486241,10000,-8.95654919134,-8.3261065266
117,127.0,0.368066486241,10000,-8.89320230499,-8.26275964025
118,1.65249055381,1.23975012343,2.16414461092,-287.495337137,-281.911794543
119,1.62959619288,1.23920121073,2.11018173235,-303.316951971,-297.521383997
120,2.36017041212,1.8213321783,3.0341753509,-378.961080897,-359.982006643
121,1.56300485376,1.18077051,2.0350133847,-290.256249584,-285.58234244
122,2.21661741314,1.72182493482,2.82738663958,-368.96250369,-351.870774503
123,1.15225812894,0.849186267962,1.52654771167,-235.761511876,-235.32835843
124,1.72659921487,1.3212209835,2.22385566395,-322.896341431,-315.40641982
125,1.42809794985,1.07728508651,1.85560972817,-286.829078879,-283.822864446
126,1.4453628775,1.10001116414,1.86478965978,-297.743607589,-294.339430473
127,2.13169488975,1.57723985762,2.84067644865,-290.343125208,-279.240687982
128,1.5588602905,0.884141798255,2.64426044913,-73.5632880529,-72.3598318498
129,1.60248845094,1.16731354854,2.15550658559,-234.553614287,-230.454407998
130,1.93305161929,1.50044173093,2.45429680113,-352.842856593,-341.102952406
131,1.41487777365,1.06420534096,1.84521643735,-273.218520278,-270.413166049
132,2.80121556395,2.20301678706,3.53751938093,-422.487668812,-391.956440065
133,1.52150916586,0.826688788767,2.81125870084,-70.4653470028,-69.5291609072
134,1.73391528707,0.961584814761,3.12128275073,-74.4433454006,-72.7586141926
135,2.5966868265,1.88696419115,3.52805212374,-256.203466027,-240.942892884
136,1.44886786608,0.998537431967,2.03162878219,-165.544043449,-163.637627705
137,1.32929950184,0.890687669829,1.90879820647,-147.080689169,-146.07945553
138,2.27009630648,1.59919077301,3.16128586574,-200.172481548,-190.551697813
139,127.0,1.11668795367,10000,-37.9435883592,-35.6815438816
140,1.15391778352,0.397473309518,4.00760108216,-31.9335811223,-31.8961138533
141,127.0,2.05049409744,10000,-43.1013025481,-38.4474860876
142,2.65013468459,1.08220970057,8.34211893522,-41.9364763348,-39.661254917
143,127.0,1.97814132163,10000,-33.8266510646,-29.372432157
144,2.71076821662,0.826158325736,10000,-30.3264020465,-29.0181671985
145,2.10524185407,0.734695198272,10.8341246234,-27.2374538111,-26.2469439308
146,3.57049850508,1.04994759976,10000,-27.2834771907,-25.2124106273
147,1.50633166566,0.481018683591,5.27420970531,-22.0022885238,-21.7295643714
148,0.946108292433,0.281150694676,2.55071277119,-19.6356700421,-19.6302602606
149,3.27654605901,1.26317271601,10000,-43.5989496299,-40.6374114196
150,1.30199382351,0.530636223913,2.97535153991,-34.3664838948,-34.1775815883
151,3.75401315852,1.2652883052,10000,-31.8740430731,-29.0040463665
152,3.80969704351,1.27261632725,10000,-31.3916987458,-28.5010347617
153,3.73405848237,1.56361355184,9.29913568939,-53.7873097787,-49.5231059912
154,4.33286105772,1.85928918919,12.0628535847,-63.9195592195,-58.1435123206
155,2.52675229076,1.17033714123,5.1781875381,-53.0844936631,-50.3503999761
156,2.29348686651,1.58286135946,3.25900671739,-168.810810371,-160.084551915
157,2.45999571095,1.6724965909,3.54806305163,-180.708886707,-171.121439016
158,4.49866667294,1.36096189871,10000,-27.7744442832,-24.7181766026
159,127.0,2.62149115546,10000,-31.8546161025,-26.1406010755
160,1696.8238342,1.65448636668,10000,-30.5683678267,-27.2127197932
161,3.60061232951,1.04726130725,12.2499606355,-26.4125699831,-24.3574311265
162,4.25784595726,1.27710326286,15.394778007,-37.4550691248,-34.7004956968
163,2.99657538764,1.25470482207,6.93899874119,-37.0132714906,-34.0709711977
164,3.80891093546,2.71978780157,5.27043770851,-284.679441861,-257.981166584
165,2.80811641446,1.99328423485,3.88374912587,-227.33105456,-211.936975749
166,0.654316079663,0.374159056878,1.05363089093,-80.000424619,-78.5029804423
167,0.619656551834,0.346919267517,1.0127252061,-80.8286325581,-79.0130689787
168,1.85127558855,1.29105466287,2.58932913688,-199.628551078,-194.34739297
169,2.12181594303,1.4920547132,2.96402771645,-201.259936862,-193.24982551
170,0.555679258223,0.311908149773,0.904694680168,-81.6273815179,-78.7388363072
171,2.98721180517,2.1616341384,4.10484304028,-276.661180107,-256.826601915
172,3.02050622594,2.21001221244,4.08504076456,-269.854978992,-248.943136833
173,2.459463569,1.76014841,3.36632936085,-225.574959836,-213.132126662
174,1.28706964865,0.869625900206,1.83300107499,-154.675596003,-153.848582747
175,1.3672569626,0.931455183793,1.93415109509,-151.719089029,-150.418038702
176,2.36338857952,1.44893956377,3.87329139167,-108.983757403,-103.378990064
177,1.0318583102,0.660819655672,1.53551451676,-122.290451233,-122.279797206
178,1.66583855363,1.13784168546,2.36748401278,-165.546586918,-162.201949785
179,0.620109853831,0.354220293312,1.0022118037,-82.2383996702,-80.3361186075
180,2.68663326674,1.91747601319,3.70330240868,-225.456133743,-210.850342393
181,1.59764986381,0.752545975583,3.3266080938,-44.8912235241,-44.1119922293
182,0.894684320022,0.560013968391,1.34945250555,-110.208314845,-110.079734624
183,1.9583460179,0.922110070461,4.08840651774,-49.6401416522,-48.0951585956
184,2.23410011327,1.58747649003,3.07346357549,-206.157833734,-196.668450267
185,1.58268957358,1.0811546974,2.24019669971,-169.92562518,-167.192301352
186,3.43026957853,2.48808317856,4.69134036899,-285.514355529,-260.188655301
187,3.74487771436,2.64897355778,5.23024751862,-286.762107306,-260.487686839
188,3.4335396607,2.49373542779,4.70688906696,-301.827160898,-276.296771858
189,3.80450942602,2.7559791942,5.19428121918,-291.217773318,-262.49083565
190,1.83097848917,1.31436407032,2.48666378679,-208.591030334,-202.635011046
191,1.93296103032,0.777739138998,4.21202233783,-33.2280615294,-32.1664864263
192,2.51002077717,2.06325724764,3.03896214209,-616.508842859,-579.655686229
193,1.19972172814,0.950555325086,1.49193690954,-407.670288929,-406.477273211
194,1.98824630038,1.63037094333,2.4049844175,-553.816952933,-533.342513737
195,1.07913070516,0.838806539915,1.36525769344,-357.427000726,-357.242538793
196,1.01473536864,0.788411418099,1.28303933542,-351.774477704,-351.767551681
197,1.52557753195,1.22468787397,1.87857844602,-465.071843234,-458.332803436
198,2.35783674262,1.93374014551,2.8561547748,-593.032711431,-561.596105126
199,3.13767691138,2.57972868213,3.83550228124,-721.959839827,-662.879622052
200,1.94716528234,1.58060904978,2.37870057082,-516.771311642,-499.111708285
201,3.35630564033,1.46993818746,10000,-77.2065727199,-72.7331155759
202,1.37655541303,1.10320959575,1.69695406567,-470.299224135,-466.398764831
203,2.56503548836,2.11094824199,3.10787696044,-654.574232851,-614.946145249
204,2.10227275819,1.73487690678,2.52938549962,-619.452410546,-594.122136998
205,0.715995677166,0.538558419588,0.930109196415,-298.577076198,-295.368866106
206,1.43317327615,1.16118183326,1.74847292757,-522.601013591,-517.212692627
207,0.632838123181,0.465586066096,0.837347787187,-255.562938392,-250.126979413
208,127.0,0.0897827088983,10000,-5.61946901627,-5.43562459939
209,127.0,0.0897827088983,10000,-6.03571932462,-5.85187490774
210,127.0,0.0897827088983,10000,-5.90072191636,-5.71687749948
211,127.0,0.0897827088983,10000,-6.10489861464,-5.92105419776
212,0.527193173825,0.377341181961,0.713430984739,-241.565016293,-231.934292773
213,0.432641479334,0.300638090126,0.599274617541,-221.58055528,-206.398199901
214,0.576220352602,0.421228442435,0.766196067164,-262.229921862,-254.370668803
215,0.410995598402,0.2840896834,0.571481765283,-218.057687106,-201.016716063
216,0.236870959227,0.145537112429,0.360438271933,-156.630430623,-123.382407799
217,0,0,0.0222069823635,-89.2518831895,-3.26073113312
218,0.176297138639,0.099209231502,0.285905629277,-136.413909346,-96.1602442004
219,0.411188419352,0.286066019733,0.569180828747,-223.915773177,-206.350759568
220,0.246323136744,0.153437759545,0.371220565791,-163.052335921,-130.439442783
221,0.344025872904,0.229705519315,0.491539764305,-185.082462381,-162.872798368
222,1.13595094254,0.897676521637,1.415887703,-403.216494707,-402.635264365
223,2.70014255736,2.22701016509,3.27249009872,-721.587366919,-676.069161063
224,0.241752823875,0.148499718526,0.368018158722,-155.549959244,-123.627809437
225,0.933892487112,0.724162203662,1.18302652611,-374.016556612,-373.863765912
226,1.8820582519,1.54148444369,2.27882111486,-559.013447046,-541.653820723
227,1.56323435812,1.27573941818,1.89624687953,-550.46473244,-541.761798313
228,0.870634540909,0.667901581465,1.113298877,-344.808484235,-344.218280026
229,1.23921369242,0.983753264386,1.5399742758,-429.883987758,-428.218754287
230,2.01263911906,1.66650118534,2.41168955794,-639.601148158,-616.346972868
231,1.82085171697,1.49395714426,2.19930647776,-572.23287672,-556.312117622
232,15.0,0.078007985133,10000,-6.04091505764,-5.90118180683
233,0.441485363067,0.306732391347,0.611662028068,-218.283051301,-203.961115449
234,2.1088434424,1.73618517914,2.54403971242,-609.832808857,-584.798460023
235,2.24404652184,1.86390646061,2.68348975183,-678.408994607,-646.880948437
236,2.43584055023,2.03303878763,2.90379997069,-721.595743609,-681.515952245
237,127.0,0.517370479485,10000,-13.3596234797,-12.5564659811
238,0.867280816935,0.669343359933,1.10268595007,-364.71170198,-364.056521504
239,0.926314735853,0.717077963292,1.17497589517,-352.114394563,-351.924936282
240,0.753661399421,0.57413334762,0.967335775419,-350.586058273,-348.094680428
241,0.754826655765,0.572055380652,0.974526960109,-320.138865013,-317.789835646
242,0.269648707338,0.169888665775,0.402797151263,-160.31914703,-131.642877827
243,0.433206877207,0.301151583143,0.599757139415,-226.115069376,-210.938542256
244,0.107493252528,0.0516315585937,0.193910405005,-122.511827571,-68.4369843631
245,0,0,0.0224362482969,-88.0203532127,-3.03331771485
246,0,0,0.0227128623197,-86.6247286478,-2.81824803738
247,0.308491519432,0.200771826317,0.449432296508,-172.077991788,-146.839057657
248,0.0478866709902,0.0148679342081,0.111306532727,-99.0971301016,-32.4600134426
249,0.661449548157,0.491626643617,0.867676856503,-275.488750377,-270.821837797
250,0.908536382244,0.702786286262,1.15287413031,-353.868306775,-353.570114102
251,1.04248189864,0.822661773298,1.30022315142,-424.730125775,-424.667287113
252,1.46400541972,1.17621940195,1.80169796844,-461.047042216,-455.458642653
253,0.635507368659,0.468256902805,0.838867040228,-268.674686045,-263.258001885
254,1.61411545762,1.30984568789,1.96971068739,-502.302796666,-492.879195654
255,2.67104715307,2.21361476593,3.21658970047,-714.616472163,-668.610938483
256,1.8428757673,1.50998158213,2.23074862541,-580.522123519,-564.136628221
257,1.50184109209,1.21950140742,1.82999919461,-545.232257518,-538.28153074
258,15.0,0.0790959162914,10000,-5.484753862,-5.34053172806
259,127.0,0.936705763735,10000,-13.7520741046,-11.9544721062
260,127.0,0.798464370516,10000,-15.4054702392,-13.8564003073
261,0.99903710778,0.23653822324,3.07597826607,-16.0288043022,-16.0288030947
262,3.08548554926,1.09111383145,11.4263815347,-39.3265848486,-37.0618753538
263,0.869194362627,0.647503321716,1.13843084062,-270.188068755,-269.690477895
264,2.95703320717,2.37457637415,3.69333006307,-576.377160265,-533.289839474
265,0.95383977096,0.742093738306,1.20450582692,-369.990894273,-369.916475606
266,0.442205685837,0.309363696202,0.608889503779,-217.318732593,-202.415747963
267,127.0,0.57911800826,10000,-11.9047032353,-10.6971275134
268,0.72275143828,0.545225169223,0.937857018425,-316.388555074,-313.340551891
269,1.03619101524,0.811456843844,1.30171492928,-386.729536378,-386.686392224
270,1.18861249903,0.943992160916,1.475476989,-446.145106664,-445.047253416
271,0.383842129253,0.261882245755,0.539375382292,-205.551269902,-186.601787908
272,0.627932636819,0.464140424717,0.827214651898,-285.74904376,-279.911668689
273,0.149051754122,0.0797784984682,0.250231335796,-131.946156752,-86.8538778468
274,0.136300676124,0.0707366460274,0.233696288073,-132.422564786,-85.3844330933
275,0.361854984394,0.245303338853,0.510876387953,-205.857063764,-184.590637664
276,0.197843726768,0.115925753719,0.311684696629,-147.531873364,-109.312755058
277,0.241722416777,0.148471654417,0.36797953095,-154.583447094,-122.68821525
278,0.728965713799,0.549921706115,0.944387664416,-322.382361462,-319.465101665
279,0.647999792735,0.48344801865,0.847152685455,-303.24133719,-297.91834788
280,1.72763899793,1.41138006226,2.09420119273,-542.80429602,-529.956352884
281,1.81704201132,1.49034588318,2.19827648346,-562.575276562,-546.718397291
282,1.38508292402,1.11363252196,1.70141420674,-470.322293149,-466.164184605
283,1.52511222206,1.2341035548,1.86397070424,-505.256885962,-498.039309794
284,1.69083742857,1.324205887,2.12995922344,-380.681422584,-372.418620065
285,127.0,0.104747994439,10000,-6.35246301159,-6.10043366501
286,0,0,1.56702409429,-4.18859566222,-2.86786409198
287,127.0,0.104747994439,10000,-5.58001768654,-5.32798833995
288,127.0,0.104747994439,10000,-6.095545739,-5.84351639242
289,0,0,10000,-2.81824803738,-2.81824803738
290,0,0,10000,-3.07452012856,-3.07452012856
291,0,0,10000,-2.96413842483,-2.96413842483
292,0,0,10000,-3.07177468427,-3.07177468427
293,0.690526729708,0.517992633783,0.898950157124,-296.02310271,-292.10110087
294,1.4823855207,1.19944201863,1.81134409465,-491.797891591,-485.479741301
295,0.269910771311,0.172067116026,0.399521615024,-180.474894897,-150.311009547
296,0.26611799712,0.16770994206,0.397374971663,-166.328741288,-136.794253855
297,0.0969784994699,0.0442915142344,0.180699965212,-118.268796804,-63.3176268316
298,2.35184047056,1.93264638395,2.85105874505,-650.913635829,-618.569236788
299,0,0,0.0227128623197,-86.6247286478,-2.81824803738
300,1.77637586248,1.4535704626,2.15127791565,-564.950495454,-550.580601524
301,0.252480703203,0.157246737212,0.380437940412,-168.81005893,-137.617689067
302,0.66482581477,0.495928071726,0.869227782044,-279.332917689,-274.667235242
303,0,0,10000,-2.88773648291,-2.88773648291
304,0,0,10000,-2.81824803738,-2.81824803738
305,0,0,10000,-2.97565230043,-2.97565230043
306,0,0,10000,-2.87167242562,-2.87167242562
307,0,0,10000,-2.96413842483,-2.96413842483
308,0.553413540445,0.401396645907,0.740658694393,-260.417688229,-251.658613354
309,0.0357525284067,0.00889341041712,0.092760006447,-97.2100823441,-27.0539009183
310,0.995835663672,0.469822360631,1.85449646589,-42.8214145625,-42.8213416373
311,0.84009592728,0.375696574725,1.63932706207,-45.3859640917,-45.2695332012
312,2.59302486269,1.38425535729,5.026312176,-69.7988019703,-65.5316979015
313,0.612127245555,0.240836581896,1.26574088698,-31.5320541579,-30.7197157521
314,1.89107403541,1.01954602443,3.35034483615,-64.3942477145,-62.3591660202
315,2.4371732217,1.32242002525,4.65447789706,-71.2194532637,-67.2960619609
316,0.742166909506,0.527849573533,1.01126448713,-207.823621281,-206.046074307
317,1.56191428962,1.20970398381,1.98735182292,-351.543008289,-345.966149002
318,0.703331503049,0.518245184438,0.930184191261,-267.848519535,-264.728059437
319,2.52763906652,2.07005478365,3.07582364935,-623.187774135,-586.80813823
320,3.06119228854,2.50782525998,3.73231474514,-686.499667118,-633.186351834
321,2.49115440045,1.77847280445,3.44708666601,-231.955536278,-219.21832599
322,1.9556071662,1.3627294814,2.74958369221,-189.437182025,-183.215532591
323,3.85238891562,2.77160567261,5.31867879328,-281.992660979,-252.980434825
324,1.1261282292,0.826788278238,1.49698847461,-248.233689345,-247.934645137
325,2.61695265828,2.13123947636,3.19431357286,-582.687503616,-546.510271007
326,0.61884985338,0.346688671415,1.01085480065,-76.5131208594,-74.6819744302
327,1696.8238342,1.50918067927,10000,-53.1459205435,-49.4650333915
328,2.63339581741,2.17247645295,3.17444561273,-651.086904774,-609.573530929
329,1.27319443707,1.00538924801,1.58808500115,-410.197290367,-408.190342816
330,1.58635691675,1.2759510264,1.95134097164,-470.952828663,-462.839026978
331,2.12943637436,1.70171968139,2.64480672982,-463.061899947,-443.523779119
332,0.809652659115,0.590298266862,1.08039402171,-240.716347821,-239.711441644
333,0.993838507744,0.742359234818,1.30097806926,-262.532531588,-262.531593801
334,2.10616739679,1.7306634592,2.54510720395,-599.01528927,-574.522032712
335,2.02164720864,1.65790139693,2.4458122207,-604.593740621,-583.072463445
336,0.355935282634,0.237559713245,0.508834304049,-199.952511595,-179.521596238
337,1.67295157416,1.36169254325,2.0350385041,-551.288731148,-540.197232627
338,2.71153764573,2.25554474734,3.24426618775,-714.515055181,-666.281278939
339,0.510417581715,0.363895651111,0.692757257843,-235.474870253,-224.926487127
340,0.489048086474,0.347135276573,0.665938195401,-241.083581368,-229.229940891
341,0.395733665665,0.271843644712,0.552978421486,-200.500442618,-182.294680872
342,1.31913439354,1.05633863489,1.62559967601,-442.711001227,-439.771842183
343,0.762819653172,0.578193598109,0.985295759905,-304.242476902,-302.081073987
344,1.98406823227,1.62978938217,2.39653872928,-574.841784353,-554.066869728
345,0.303160024775,0.197529046418,0.441137540226,-174.258769495,-147.866314278
346,1.08059091319,0.850144597252,1.35174243248,-386.023209444,-385.81293537
347,1.69720637379,1.38607782127,2.05858952699,-553.857075943,-541.78924325
348,1.03454339037,0.0547142661443,10000,-7.44808757803,-7.44762019523
349,127.0,0.549980614057,10000,-9.50977372462,-8.4420088931
350,127.0,0.549980614057,10000,-10.1489394929,-9.08117466136
351,127.0,0.549980614057,10000,-10.0939619871,-9.02619715554
352,127.0,0.549980614057,10000,-9.37506185654,-8.30729702502
353,127.0,0.549980614057,10000,-9.52996005376,-8.46219522223
354,127.0,0.549980614057,10000,-9.22863295486,-8.16086812334
355,127.0,0.549980614057,10000,-10.4136889738,-9.34592414228
356,127.0,0.549980614057,10000,-9.25350163344,-8.18573680191
357,1.08806817428,0.863630548675,1.3501621439,-436.407795377,-436.139839125
358,0,0,10000,-2.46885930244,-2.46885930244
359,0,0,10000,-2.46885930244,-2.46885930244
360,0.144083305289,0.0771069265812,0.24186078757,-142.08606137,-94.6429302384
361,1.90489652847,1.55401443676,2.31776415523,-559.531831224,-542.061523091
362,2.07572545148,1.71113609516,2.50064985411,-597.063606598,-572.747146038
363,0.846717953793,0.649043039099,1.0828801902,-328.819623367,-327.962535462
364,0.495696841899,0.353516613161,0.67243959755,-250.753884285,-239.103651815
365,0.0700865930476,0.0278512275936,0.142075747072,-111.391209109,-48.1653096532
366,1.06797904318,0.841561132391,1.33440034948,-407.008507295,-406.854689513
367,0,0,0.0222069823635,-89.2518831895,-3.26073113312
368,0.0622051899236,0.0222949838685,0.133826717498,-102.120202063,-41.6872801936
369,0.228966880036,0.138623552111,0.352298217305,-148.986096588,-115.686880493
370,0.515058763997,0.370712485472,0.693431874224,-250.33028546,-239.49230129
371,0.02341780221,0.00389213591871,0.0723340071819,-97.6043595269,-22.3220367919
372,0.270959587218,0.172732576333,0.401085192905,-166.952621022,-137.028105801
373,0.390168948878,0.266168354102,0.548346329363,-195.898621936,-177.725605257
374,0.0950129035087,0.0434027424661,0.176978310038,-126.032395451,-69.2802776137
375,0,0,0.0224362482969,-88.0203532127,-3.03331771485
376,0.0948734828415,0.0433380563228,0.176725063708,-120.230291988,-63.3922018634
377,0.16432609424,0.0903099748645,0.270944154016,-134.782037969,-93.0263477285
378,0.198486909864,0.116341055924,0.312550674614,-159.601457153,-121.358044853
379,0.273738104185,0.174470981034,0.405304509648,-182.29384428,-153.047406811
380,0.877368519475,0.676529145569,1.11500523326,-346.171006003,-345.615504872
381,1.00337766537,0.788927541167,1.25531806038,-422.238923909,-422.238518241
382,1.34219161801,1.08229086136,1.64437638409,-497.820511356,-494.307354003
383,0.307601566383,0.202050522808,0.444972022834,-183.755995493,-157.326921768
384,1.45537171671,1.17794789021,1.77764510271,-492.902242018,-487.119314471
385,0,0,0.0224362482969,-88.0203532127,-3.03331771485
386,0,0,0.0227128623197,-86.6247286478,-2.81824803738
387,1.5446199785,1.25954002816,1.87818005788,-525.812723684,-517.662752759
388,0.125307219373,0.0627450784495,0.220088106438,-122.211935202,-74.158717765
389,1.48170219325,1.19531514397,1.81733488679,-508.345413004,-502.193945687
390,3.09449476392,2.5468774702,3.77669375154,-781.260833413,-721.292295406
391,2.02275855062,1.55319610368,2.60775913988,-329.869499356,-317.34353661
392,1.87763647854,1.44067044088,2.41861061442,-320.847211191,-310.818630662
393,1.86141195359,0.99504130388,3.54146198541,-71.0121991353,-69.1214825159
394,1.23179155485,0.986617454401,1.5169909508,-482.821059694,-481.119788205
395,2.34251132873,1.94099425115,2.81391499616,-683.830195805,-649.310056427
396,2.81556265985,2.33690497062,3.3881314814,-737.806592922,-685.995479717
397,1.77076389051,1.44694909107,2.14740732197,-540.502346868,-526.474452669
398,0.710671690471,0.534851664764,0.924113999305,-307.878266659,-304.541545714
399,2.96218647531,2.44636325206,3.58926635061,-723.96849776,-668.713787408
400,3.05345938668,2.52483876122,3.69978128103,-742.043829827,-682.951528147
401,0.755211407331,0.570258919885,0.978420005283,-307.771033221,-305.497748015
402,0.625074785548,0.463473134567,0.821287037405,-271.608767509,-265.530454191
403,2.96353130224,2.45353957441,3.57619640342,-759.074925536,-702.618074544
404,0.0353071269022,0.00877845114187,0.0915962058251,-101.726196778,-30.430506279
405,0.73580801902,0.553174887391,0.956349547604,-292.62352733,-289.953802511
406,1.67199465184,1.36027833129,2.03625234303,-549.126303509,-538.073464057
407,2.74456440234,2.27719163261,3.29625049687,-697.419391362,-648.939832741
408,0.262074103032,0.165178768575,0.391277673956,-164.519017647,-134.060588207
409,0.433516458144,0.301338992726,0.600243838945,-214.611794147,-199.452866284
410,2.45435440884,2.02421343529,2.96364420844,-655.600797641,-618.853548949
411,1.10180490505,0.870576304493,1.37355769762,-419.167664767,-418.82913992
412,0.785147125933,0.596418687704,1.01170343562,-306.031076642,-304.287955452
413,0.687535779579,0.515957563149,0.894614188337,-301.565849245,-297.528540572
414,1.61868493697,0.539927637805,3.85758160914,-29.7645803002,-29.3631589528
415,1.42413331105,1.14876028707,1.7444183534,-489.434311195,-484.429525047
416,1.89482442898,1.5540790576,2.29040971818,-546.249670278,-528.329914508
417,1.59414010361,1.29202828157,1.94715180741,-526.160181462,-517.292491578
418,1.24686054885,0.993159314576,1.54406679869,-425.90089225,-424.090842337
419,1.6629212402,1.3500001153,2.03407882442,-522.100676548,-511.54811416
420,3.47086123024,2.86979346545,4.23344542789,-789.038948359,-713.373189652
421,2.33817421459,1.93545393628,2.81131599283,-657.545729993,-623.595570852
422,0.339720579775,0.224985794118,0.489172042741,-187.868269222,-166.075937671
423,2.33897176407,1.92338929239,2.83044405115,-639.595992648,-607.515536663
424,2.51359765139,2.09275712799,3.00842828146,-717.437416808,-675.265581636
425,1.20462816419,0.956880569797,1.49483910873,-414.367219783,-413.095513218
426,0.553524447501,0.403246069995,0.737920934018,-264.144813698,-255.135956177
427,2.24493471377,1.85548634682,2.69991636093,-659.288112625,-628.850472831
428,1.52378640707,1.23250761175,1.86278118726,-485.496176072,-478.337017031
429,0.193670132854,0.113514304762,0.304979799016,-156.834299825,-117.034634685
430,0.352667712406,0.237211704234,0.501110965812,-205.320850149,-183.679313764
431,2.36080467603,1.96067960498,2.82905073798,-693.074447001,-657.262751554
432,0.894626640103,0.687857147893,1.14164478052,-339.158421384,-338.773419215
433,0.0366111697443,0.00910713574201,0.0949829939338,-97.9380709056,-29.57057585
434,0.473410339168,0.334363761768,0.647237383695,-232.005739525,-219.25292614
435,1.82240732292,1.48576516645,2.21733796115,-550.903077207,-535.748728093
436,0,0,0.0224362482969,-88.0203532127,-3.03331771485
437,1.1439674117,0.908820485652,1.41952645292,-448.005129585,-447.330787167
438,0.0354186067538,0.00881067246958,0.0918861532765,-98.9272288102,-27.8969588933
439,0,0,0.0225181136472,-87.5983143866,-2.96413842483
440,0,0,10000,-3.26073113312,-3.26073113312
441,0,0,10000,-2.97565230043,-2.97565230043
442,0,0,10000,-3.07177468427,-3.07177468427
443,0,0,10000,-2.86786409198,-2.86786409198
444,0,0,10000,-3.07177468427,-3.07177468427
445,0,0,10000,-2.8986294621,-2.8986294621
446,0.0736498696681,0.0292625940534,0.149338985881,-106.401653628,-47.1734212842
447,0.842714590033,0.647589966338,1.07532910238,-363.135279804,-362.209973702
448,0.209111519498,0.124677972487,0.325289978406,-154.506372761,-117.439176137
449,0.0116669950142,0.000665901621226,0.0513829498131,-93.5119502249,-13.8511721371
450,1.03807734914,0.815309548528,1.30048776398,-403.748730363,-403.699936467
451,1.32980488164,1.06824028795,1.63458060378,-469.351833059,-466.158308176
452,1.5682232713,1.27741046473,1.90571556291,-542.746381381,-534.08266576
453,1.17934120142,0.93982686345,1.45934698137,-456.507003146,-455.474639769
454,0.132264185085,0.0686417901379,0.226718673198,-131.436047326,-82.0997789422
455,1.37061912071,1.09807831697,1.68954637519,-440.091998032,-436.305254361
456,0.186160690882,0.107052354224,0.297187645564,-152.382631484,-112.550243202
457,0,0,0.0225002726004,-87.689594192,-2.97877017084
458,0.295653886205,0.192386526125,0.430822842027,-185.345935305,-157.866470285
459,0.588456913615,0.433616754694,0.777114816705,-281.130042317,-273.52126817
460,0.468337476505,0.33259370856,0.637449549381,-243.307359055,-229.709937879
461,0.0602770839939,0.0216070606145,0.129643136853,-104.020852535,-40.9205153924
462,0.397897190499,0.273350079706,0.555946100962,-215.659797471,-197.68401574
463,0.0118503896408,0.000676355781482,0.0521948405023,-91.3101384458,-13.1205307122
464,0.606030477079,0.449681744895,0.79553386216,-315.779618492,-308.74209936
465,0.47957520166,0.338529892538,0.656173988582,-226.162088954,-213.993326993
466,0.713694283037,0.536878814099,0.927039971831,-296.289074861,-293.012599834
467,1.75284875489,1.43055192008,2.1277188979,-562.118063785,-548.707424943
468,1.24178219165,0.990060247496,1.53636159564,-445.195439085,-443.435439878
469,0.215585802487,0.128503250958,0.335490392643,-154.079601516,-119.053735596
470,2.19191342159,1.80213511871,2.65054919812,-627.756357771,-600.446032266
471,2.05001799447,1.67753751642,2.48786447258,-568.9126118,-546.885504862
472,0.824224733412,0.630614728691,1.05542491676,-342.04433988,-340.890124727
473,0.998329909608,0.782285664503,1.25285355104,-399.545247823,-399.54515075
474,1.12841466767,0.889744194978,1.40953158453,-425.986627096,-425.473271501
475,3.1246504129,2.57922505509,3.79542926819,-769.929241404,-708.789416564
476,1.33291177522,1.06590985868,1.64561170374,-441.58127953,-438.461961317
477,0.255999814561,0.161347840901,0.381877622561,-176.340247375,-144.2991639
478,1.78423735102,1.45316422544,2.17017454592,-518.122581329,-504.198248131
479,0.198049701976,0.116071225251,0.311914315384,-146.975539921,-108.674452618
480,2.20466305193,1.8255140079,2.64680793,-663.370308047,-633.800747993
481,1.67742045197,1.36331987566,2.04326826962,-518.49707708,-507.451962834
482,0.352770450226,0.235436472678,0.504343073646,-193.917895165,-173.077792635
483,1.04090012628,0.818857961631,1.30171142906,-427.253616144,-427.196669731
484,1.77205510158,1.45251189624,2.14279945401,-573.566753148,-559.080367132
485,1.55566108398,1.26113694497,1.89864745115,-512.647234402,-504.634127321
486,0.446499841984,0.313822175397,0.612569406494,-238.706120793,-223.890175681
487,2.53600280192,1.72194017252,3.60959648943,-165.015352395,-155.32266518
488,4.30106383609,3.0739676955,5.91126872658,-233.081574994,-204.560810836
489,1.96087810737,1.27612281069,2.89244630818,-148.2395988,-143.771092829
490,0.191810002762,0.0475772169576,0.500177607886,-25.7818143956,-18.2838819874
491,1.02481299273,0.807049956936,1.28027344551,-405.823073674,-405.801489885
492,2.04799865973,1.68639498651,2.46962524199,-597.799500542,-574.564168991
493,0.882397232876,0.67940166523,1.12415886873,-348.80043551,-348.305912168
494,0.508993374012,0.363051842418,0.690391273112,-233.599798277,-222.889587086
495,1.50881294957,1.20698623881,1.86298456734,-430.875003018,-424.671654019
496,1.28867886172,0.882598384474,1.82143960591,-157.498728803,-156.608619073
497,2.53085253916,1.78208363346,3.56039128088,-240.056673117,-227.486153238
498,2.04266354206,1.41864653739,2.88370913878,-195.085381866,-188.189724913
499,2.20240105356,1.70947378503,2.80916560568,-373.313717923,-356.530550795
500,0.758930714277,0.526102229121,1.05466661131,-176.210604716,-174.883205243
501,1.5584530794,1.14824595709,2.0751773078,-255.644603667,-251.706953217
502,1.57958677057,1.15979419174,2.10615720956,-244.17275083,-240.122310475
503,1.79087065099,1.19106062582,2.62016274848,-141.700513952,-137.924225714
504,1.77614160215,1.02338402279,2.99312501927,-85.1189837525,-83.0424509778
505,1.71980954092,1.13557006853,2.52668637563,-148.600778617,-145.412666094
506,1.50588534269,0.951408061648,2.26821723899,-126.94623313,-125.400038739
507,2.62706507065,1.79984962417,3.72780723439,-170.84460232,-159.872039931
508,1.1430103197,0.681690471835,1.79667335736,-105.083515128,-104.941007456
509,1.09063951077,0.627069494852,1.76342883381,-98.6072964375,-98.5538619183
510,1.11244887255,0.656749217006,1.7548105246,-96.3614979547,-96.272869772
511,0.943862864833,0.527028809571,1.54821131934,-80.2174125201,-80.1945858682
512,1.98631983455,1.25868557625,2.9826382519,-124.130039855,-120.042074261
513,0.270643301995,0.0837432210426,0.632711943608,-34.398949805,-28.9805638247
514,1.82412891123,0.995666134872,3.0964615102,-73.8089906286,-71.9137068302
515,0.91074829233,0.040163741373,12.5699591646,-6.26095060946,-6.25858841484
516,0,0,0.685308834612,-5.52249191176,-2.97565230043
517,0.908876369626,0.0400293587669,12.2612770437,-6.3032981678,-6.30082403176
518,0,0,10.6503637197,-3.17906994358,-2.97565230043
519,137.902501323,0.736099788219,10000,-7.42250443449,-5.78238646221
520,137.902501323,0.736099788219,10000,-8.01823336244,-6.37811539016
521,137.902501323,0.736099788219,10000,-8.09427481107,-6.45415683879
522,137.902501323,0.736099788219,10000,-7.83630159501,-6.19618362273
523,137.902501323,0.736099788219,10000,-7.18349740328,-5.543379431