site,MLE,Lower,Upper,LogL_global,LogL_local
1,1.40988250619,0.888290761833,2.10606188535,-134.163991547,-133.062609931
2,1.11502663834,0.653147774859,1.75740630092,-104.576840277,-104.485910341
3,0.989994174265,0.569060217524,1.58150728606,-101.841472449,-101.840715591
4,1.13755200435,0.67793108121,1.77061245213,-109.677537631,-109.543092622
5,0.780663752044,0.417742102037,1.31105792223,-87.469219251,-87.0707801448
6,1.48052469327,0.94341774456,2.19281813949,-143.189424323,-141.706916529
7,1.06919290682,0.626215786911,1.68550251144,-109.975248432,-109.940464868
8,1.34885076394,0.839374471292,2.03396860507,-127.045754806,-126.23895804
9,1.12342846307,0.669642833349,1.74825731654,-114.727092132,-114.616910352
10,1.12368785533,0.669803495715,1.74863844124,-114.731525216,-114.620909191
11,1.63109847614,1.06020940974,2.37839192561,-149.473411446,-147.039069929
12,1.13862117961,0.678653039382,1.77207360158,-112.190644388,-112.054195985
13,0.920302291867,0.517970778597,1.49205139204,-94.058103471,-94.0086854963
14,0.725007231048,0.376196348286,1.2434643581,-76.4847669398,-75.8530035226
15,0.77954648078,0.417066682542,1.3091730187,-88.0310966312,-87.6278279135
16,1.41480835784,0.891175390816,2.11414337828,-136.615898648,-135.494449531
17,0.926685521591,0.521422194758,1.50300535459,-99.4024264054,-99.3610431362
18,1.07687299173,0.630958124614,1.69673011648,-105.454736227,-105.412136664
19,0.860177209021,0.472747469969,1.41811202875,-91.5267652204,-91.3723440812
20,0.993961131891,0.571349675585,1.587804053,-99.4010205419,-99.400746275
21,0.642824640732,0.321755063006,1.12805608155,-74.5052249417,-73.369148411
22,0.581602280323,0.279299527444,1.04951441102,-68.6324641468,-67.041521819
23,0.583559732743,0.280214558079,1.05319414095,-71.1066150152,-69.538038408
24,0.926172241973,0.521196533046,1.50199116342,-93.6181853963,-93.5761644173
25,0.811665101101,0.43425842886,1.36338593113,-83.9796221202,-83.7006498724
26,0.853597791854,0.468830276482,1.40704570272,-92.5172941869,-92.3455363738
27,0.852128876852,0.468668778176,1.40602625892,-90.8146435701,-90.6415705355
28,0.715186522518,0.371144289905,1.22632079009,-78.5478431663,-77.8574410859
29,0.783815186991,0.419072081096,1.31529200877,-85.831698424,-85.4440755621
30,0.912188859685,0.513404262879,1.47890573865,-101.334789512,-101.274094561
31,1.05505056947,0.618170656406,1.66227651552,-108.336688094,-108.31423495
32,0.834943097912,0.446709349488,1.40234003252,-89.2626916849,-89.0561501766
33,1.55184328131,0.999258492521,2.28044356123,-144.52319738,-142.608525185
34,0.71813580695,0.372742121213,1.23202044752,-81.6506776476,-80.9797422607
35,0.86570782058,0.475672858612,1.42765448088,-89.3647265984,-89.2236434378
36,1.1609097413,0.69186512606,1.80692956821,-114.071613348,-113.892575931
37,0.581522361387,0.27925184206,1.04942466007,-71.5927014461,-70.0011721262
38,1.41206396784,0.889573749997,2.10962078626,-134.458358894,-133.348069453
39,1.19816830756,0.72593900867,1.84423721191,-115.903590944,-115.626185579
40,1.03592403678,0.595431500806,1.65499895421,-103.99822227,-103.989039087
41,1.16664958472,0.695223187482,1.81610056088,-114.868492963,-114.677803454
42,0.852080658521,0.468265593355,1.40482313772,-93.7081612116,-93.5332403689
43,0.929671564778,0.523149392824,1.50774094847,-94.025334153,-93.9873977282
44,0.923915286615,0.519956020658,1.49820629277,-95.2821336921,-95.2373475201
45,0.752342046215,0.390660748636,1.2911121768,-79.3400787956,-78.8540447027
46,0.928808379153,0.522706134459,1.50606555038,-100.230318734,-100.191382365
47,0.787380741471,0.421091367957,1.32203565739,-86.0339587247,-85.6625522732
48,1.06214984337,0.622207628008,1.67394929683,-107.519087095,-107.490750522
49,1.19816830756,0.725674215032,1.84399490806,-116.074010868,-115.797527163
50,1.19524409431,0.723554301075,1.83939426172,-123.373105042,-123.104934363
51,1.47759749924,0.941502373321,2.18865476684,-141.581289712,-140.113141141
52,0.858420640157,0.471740654637,1.41540238128,-89.6405765178,-89.4818956027
53,1.19541980543,0.723733781958,1.83947481669,-121.050605625,-120.781852637
54,1.13441041491,0.676119381025,1.76560444102,-113.040443041,-112.911539001
55,0.897094898769,0.492970702783,1.47918667728,-88.8644889646,-88.785398538
56,0.610222462542,0.292993862259,1.10145374785,-68.897221008,-67.5996870329
57,0.790406915217,0.422886185723,1.32766954883,-84.9642859767,-84.6065969705
58,1.26541572447,0.77716714038,1.92691734421,-125.811105723,-125.32685985
59,0.650789605192,0.325623892752,1.14207821527,-76.3950561586,-75.3258764497
60,1.05702389294,0.619290901375,1.665531176,-109.202194214,-109.178169079
61,0.778586660038,0.416604923889,1.30731375272,-83.1806580626,-82.7729513913
62,1.05252385098,0.616614775839,1.65860204365,-112.621673867,-112.60118101
63,0.781994621544,0.41844766093,1.31324637152,-86.6933483377,-86.3006354797
64,1.381325397,0.859587827071,2.08277234697,-131.179201627,-130.245949609
65,1.08761877759,0.637038436453,1.71445018398,-110.717255894,-110.662728695
66,1.13762758464,0.677928345505,1.77092876723,-115.694545509,-115.560009767
67,0.716682828005,0.371813638614,1.22913522572,-82.1248962361,-81.4439133467
68,0.750793807335,0.38955688811,1.28770288122,-85.6884392058,-85.1925634227
69,0.859376651189,0.472261828301,1.416914771,-87.5026426009,-87.3463338603
70,1.07428727851,0.629372321246,1.69285455197,-108.373206534,-108.333316115
71,0.848327042481,0.466225132435,1.39867857626,-90.5435328949,-90.3585590512
72,0.67589838517,0.33848704596,1.18688076205,-74.7829872413,-73.9085523094
73,1.40159497426,0.872329649458,2.11289301085,-128.638142219,-127.622790732
74,0.921196650945,0.518515765634,1.49332840873,-96.6199613138,-96.5716912514
75,0.972459417928,0.547209747288,1.57710540034,-96.4038234042,-96.3983432976
76,0.649174287315,0.325026623284,1.14001667996,-75.6994867763,-74.6205861994
77,1.4134312476,0.890273962636,2.1122017855,-137.747682673,-136.632368521
78,0.918839670948,0.517145494698,1.48978135827,-95.1872096302,-95.1358544021
79,0.920778467942,0.518205338242,1.49305792201,-97.0119636033,-96.9631842812
80,0.656000503269,0.32852472225,1.15198640838,-73.9874130398,-72.9639012406
81,1.34956310845,0.839811069571,2.0350635139,-128.898697275,-128.089212511
82,0.926044101143,0.521100465675,1.50189125356,-97.6762774488,-97.6341131604
83,0.918605422682,0.516976045911,1.48946497594,-99.3020230095,-99.2503721213
84,0.913573695756,0.514197847682,1.48117686798,-95.2042414306,-95.1455532668
85,0.872360593246,0.479412442241,1.4383618463,-93.5928090229,-93.4666023487
86,0.7549800988,0.391521010668,1.29387753506,-80.1366245833,-79.6582447615
87,0.906451317283,0.498156179486,1.49441753964,-90.6408576266,-90.5763585518
88,1.41945374326,0.894242529029,2.12060481643,-133.479462408,-132.337101717
89,1.19675354099,0.724637474052,1.84109233027,-116.659648589,-116.387487665
90,0.776881907037,0.415768251047,1.30438935808,-85.4032667076,-84.9880913383
91,0.804399878215,0.430312169776,1.35154330658,-83.5149896136,-83.2107361586
92,1.06478951225,0.623789165252,1.67796391538,-107.25000913,-107.219308289
93,0.452198335244,0.194189711195,0.875427311373,-56.186496162,-53.2726993177
94,0.918654545131,0.517009285542,1.48961795875,-97.4549831383,-97.4033953638
95,0.647775528202,0.324400606263,1.13751305238,-76.653301825,-75.562607059
96,1.64531870714,1.06959704925,2.4007735995,-151.196804935,-148.680839863
97,0.92784078514,0.522043379194,1.50509781716,-97.1368297244,-97.0968171115
98,0.854763462851,0.469747430234,1.40921407114,-89.2705723446,-89.102620024
99,0.995559820113,0.572205392973,1.59061374604,-104.678898561,-104.678750692
100,1.38776114081,0.863406359032,2.09326697375,-124.497763489,-123.539741677
101,0.991473518062,0.569900065608,1.58381235343,-98.8097517083,-98.8092032134
102,0.790947114544,0.423159410336,1.32865262785,-86.8890202283,-86.5335582992
103,1.41825953928,0.893363192268,2.1192379499,-134.983619252,-133.847145001
104,0.717299001441,0.372017330271,1.22931995286,-79.9533695224,-79.2734649293
105,0.857286270988,0.47110841496,1.41357155752,-88.4279013236,-88.2664024979
106,0.824922851181,0.44130114103,1.38587482017,-84.3880187156,-84.1521219186
107,1.13915165113,0.678851935225,1.77303865088,-111.4238931,-111.286691519
108,0.848285983375,0.466208290916,1.39853173203,-91.0398807731,-90.8547343132
109,0.712514211805,0.369752391702,1.22176633869,-81.6345579047,-80.9277806685
110,1.42587132765,0.898048682227,2.13097669286,-136.117945379,-134.948939278
111,1.13845501538,0.678565455073,1.77177000051,-110.357833206,-110.221674296
112,0.91858281181,0.516997546286,1.48928799614,-96.2916731816,-96.2399752545
113,1.20091257383,0.727066747606,1.84781527486,-119.689792186,-119.407486708
114,1.28046206464,0.786457772227,1.94954906735,-119.978690566,-119.44646277
115,1.1854378132,0.718192973938,1.82447711777,-119.658483973,-119.412115721
116,0.851938718785,0.468230766921,1.40448279204,-90.2384831223,-90.0631066712
117,1.05125567257,0.615904106782,1.65647567155,-109.842674413,-109.823122381
118,0.782980892929,0.418917819551,1.31479638497,-83.7452290648,-83.3565934144
119,0.785936032794,0.420573966413,1.31991563747,-81.5714091704,-81.1952492928
120,0.86401390106,0.474434067078,1.42427089623,-96.1557238135,-96.0096316278
121,0.921859137858,0.518811767476,1.49482025484,-95.8878427306,-95.8404586993
122,1.19262043101,0.722146666745,1.83469801644,-119.905313598,-119.64322757
123,1.00265181519,0.576241707799,1.60201358027,-100.894809713,-100.894757479
124,1.19199101284,0.721780611241,1.83371782896,-118.136953897,-117.876350061
125,0.924276201065,0.52020648023,1.49859103636,-94.2221767458,-94.1778177447
126,1.12407182074,0.670091611948,1.74901076793,-110.024626923,-109.913327969
127,1.18903952706,0.720012054737,1.82906151377,-119.642754122,-119.389241176
128,0.920816932211,0.518249667026,1.49293404849,-95.251835594,-95.2030960702
129,0.969671623938,0.545608997943,1.57282228751,-97.977864484,-97.9711953806
130,1.20423830929,0.729075709666,1.85294880424,-118.007258394,-117.716624544
131,0.79162555026,0.423745284606,1.3303394218,-83.8473374146,-83.4961026015
132,1.00251946783,0.576137812391,1.60201117108,-101.399834574,-101.399787426
133,0.931105974718,0.523884558105,1.51027557435,-96.7096415428,-96.6733356854
134,0.757764251131,0.393105366436,1.29969566538,-80.2392443325,-79.7762622625
135,1.01541477588,0.583593660041,1.62233234504,-101.846987029,-101.845251268
136,0.785816432022,0.420434717101,1.31978378892,-83.9919504083,-83.6154146402
137,0.723831706809,0.375830979946,1.24237973015,-77.834222743,-77.1985406762
138,0.852074714241,0.468273314451,1.40476921056,-90.0970417467,-89.9220857269
139,1.06437652021,0.623577839559,1.67719668469,-106.987274708,-106.956940527
140,0.715677375569,0.371390031465,1.22720764281,-80.2673294219,-79.5800038927
141,0.790400172566,0.42280200251,1.32766129527,-84.4227443419,-84.0650309904
142,0.791349847957,0.423364257165,1.32907848864,-85.142200649,-84.7880420262
143,1.50002319549,0.955674667778,2.22223932597,-137.178232151,-135.6027457
144,1.26386440458,0.776332528591,1.92404496404,-127.236009356,-126.756312799
145,1.35573639282,0.843756765755,2.04400799743,-123.205967463,-122.372384592
146,1.21221042127,0.72334483748,1.88424410724,-112.791606805,-112.496320259
147,1.4119905627,0.878930766063,2.12823805886,-129.269260765,-128.210754492
148,0.717299001441,0.372194181903,1.23008593339,-79.4817804406,-78.8043877805
149,0.929113743775,0.522822261691,1.50679679286,-98.9971094875,-98.9585432877
150,0.847060248638,0.465558929143,1.39636932214,-93.6268329455,-93.4383271122
151,0.854909438492,0.46982132161,1.4095701768,-89.7579306921,-89.5903648383
152,0.921891588987,0.518821053065,1.49481856684,-95.7402654468,-95.6929270846
153,0.657777599282,0.329298951965,1.15531642607,-74.1271522699,-73.1183106471
154,1.34265174829,0.835580409388,2.02425636843,-127.804489707,-127.020948932
155,0.788107603449,0.421672647623,1.32380811504,-86.6785084831,-86.3114627682
156,0.780230539855,0.417451342317,1.31012788164,-84.5395842073,-84.1391367695
157,1.34378907871,0.836214579017,2.02636410571,-130.398019571,-129.610483815
158,1.22179734228,0.739611670163,1.8803158948,-117.733287575,-117.397362622
159,1.06468354533,0.623756577491,1.67768542905,-112.810658189,-112.78004703
160,1.05474978593,0.617939686325,1.66202738283,-109.012062279,-108.989854816
161,0.99573876365,0.572384633302,1.59049011271,-104.325292637,-104.325156385
162,1.4169503751,0.892590107832,2.11714760133,-135.141113978,-134.010030931
163,0.647396202499,0.324246638131,1.13664884276,-72.5102789798,-71.4157351018
164,0.583026004004,0.279945948565,1.05230469065,-69.8511232728,-68.2770904587
165,0.721116846973,0.374059777537,1.23630024724,-77.8129749866,-77.1570775192
166,1.20032970565,0.726789684558,1.84678012939,-118.604228258,-118.323188023
167,0.911523962411,0.513094481942,1.47754771339,-96.4604413773,-96.3987239798
168,0.909686749081,0.512025656274,1.47481098152,-98.9245730797,-98.8601174915
169,1.00433203266,0.577267236469,1.60454127019,-97.2111851757,-97.2110460189
170,1.19816830756,0.725348246122,1.84322998262,-117.733340944,-117.458163566
171,0.960605127442,0.540614455827,1.5576764421,-97.7322780281,-97.7208739783
172,0.647909958805,0.324415879172,1.13767412764,-74.7162592132,-73.6264316821
173,1.00176670814,0.575799854229,1.60042456748,-100.96602384,-100.966000616
174,1.05779522938,0.619727305004,1.66680833418,-107.467333967,-107.442681056
175,1.12530408072,0.670764420521,1.75116442173,-114.322008137,-114.208703369
176,1.34005109275,0.83397560144,2.02043162458,-128.862252431,-128.088465474
177,1.05662509132,0.619086137367,1.66478562953,-108.217168194,-108.193460809
178,0.652884073184,0.326987494611,1.14711892509,-76.4368649255,-75.3908735123
179,1.25477557518,0.759614453498,1.93090749463,-114.410714086,-113.983051863
180,0.647267627662,0.324089462089,1.13657239182,-76.4422684532,-75.3471576051
181,0.728741543685,0.378044505507,1.25020178796,-79.8737289772,-79.2635761549
182,1.26687790583,0.778223320122,1.92836143377,-121.241788912,-120.75254206
183,0.853597791854,0.469057788131,1.40715913352,-90.8538484087,-90.6826659234
184,1.2710904094,0.781083213319,1.93643654231,-123.951014572,-123.44673856
185,0.786222147886,0.420603152086,1.32055104165,-85.4192605226,-85.0443980201
186,1.33774041051,0.832320099855,2.0161794436,-129.533119788,-128.769411516
187,1.40546832159,0.885538776682,2.09936884029,-135.880158692,-134.797584569
188,0.782340073271,0.41867228314,1.31386073352,-85.24638257,-84.8551831784
189,1.45318976867,0.915424428146,2.17123068828,-131.386187537,-130.095322857
190,0.992195349524,0.570335381589,1.58498018993,-101.353113843,-101.352654673
191,0.851650356602,0.468067964876,1.40402534789,-91.588561223,-91.4124306217
192,1.40217614347,0.872607935461,2.11405497361,-131.601959486,-130.584660226
193,1.05803071721,0.6198570356,1.66720349913,-109.315739338,-109.290894101
194,1.0622668853,0.622314928266,1.67397576515,-108.731428063,-108.70298063
195,1.12273603771,0.669292381058,1.74694537885,-112.831717591,-112.722631612
196,1.49326998325,0.951230601263,2.21271398431,-142.017213133,-140.475443009
197,1.05876104883,0.620242751954,1.66851802944,-109.188152123,-109.162709371
198,0.91644020343,0.51580136186,1.48586845807,-96.0142233935,-95.9595961276
199,1.00204093345,0.576127400044,1.600118447,-105.166289335,-105.166258311
200,1.34527355935,0.837086643177,2.02804047886,-126.856107294,-126.063409278
201,1.25399964184,0.770311859761,1.90888968606,-129.614188224,-129.164841599
202,0.608960053626,0.292401737468,1.0990916763,-67.6230523007,-66.3132969638
203,0.85025429793,0.46728677572,1.40170352796,-92.5514305203,-92.3716104956
204,1.05671360202,0.619092457136,1.66510516154,-106.8419163,-106.81814562
205,1.12101421335,0.656668767892,1.76678461928,-104.315525412,-104.215593493
206,1.21198204764,0.733663124593,1.86522480077,-120.853398066,-120.543196941
207,0.854624278352,0.469665367463,1.40900903598,-91.6339509457,-91.4656505331
208,0.724413951125,0.375523033169,1.24171348444,-83.8606148767,-83.222561311
209,0.9260196439,0.521132389474,1.50165273666,-94.323275867,-94.2810636435
210,0.984692718321,0.566071902947,1.57269830849,-104.549068083,-104.547283053
211,1.10619997154,0.648050600311,1.74320961715,-106.983115901,-106.904734529
212,0.93251963059,0.524705535115,1.51255614998,-93.8529927324,-93.8182233664
213,0.850691112775,0.467530371782,1.40249385049,-91.2096649947,-91.0310060508
214,1.27370493573,0.782673289754,1.93993556594,-128.460645232,-127.948238066
215,1.00400676386,0.577144666306,1.60376616751,-102.701151391,-102.701032234
216,1.00193250063,0.575864778569,1.60070776436,-97.4453295765,-97.4453018017
217,0.994868775387,0.571817937684,1.58947431329,-101.407907334,-101.407709651
218,1.12566010954,0.671004368093,1.75160642654,-111.610717055,-111.496793624
219,1.14160349215,0.680073658362,1.77603506396,-117.086380925,-116.945515721
220,0.989691305863,0.568825872235,1.5812696832,-107.317365336,-107.316562039
221,1.75967479006,1.16515884822,2.5308351917,-162.713846715,-159.267960656
222,1.20375536087,0.728733252174,1.85239221302,-120.945679859,-120.656352933
223,0.721489371579,0.374288338206,1.23751441428,-79.831651942,-79.1795180489
224,0.719815903375,0.373419765708,1.23460772328,-79.9060485347,-79.2439754935
225,0.817834885365,0.437488797724,1.37368834084,-86.6105172382,-86.3520562244
226,0.994059576787,0.571317382909,1.58822778173,-104.776177162,-104.775912003
227,0.843241757253,0.463885852262,1.3909989373,-92.4957630243,-92.2984094484
228,1.12804470568,0.672415217172,1.75536454584,-112.943577073,-112.825633402
229,0.525754748899,0.240082973169,0.979890640729,-63.4288289161,-61.3654139024
230,0.917063558048,0.516110589746,1.48696879754,-96.6201172885,-96.5663722842
231,1.51543165593,0.964968601793,2.24508726922,-135.758044427,-134.111238552
232,1.47517164296,0.939958025238,2.18505875948,-143.098501379,-141.641939002
233,0.919692616887,0.517613227047,1.4912209201,-95.0106467993,-94.9604334667
234,1.0615704061,0.622031019773,1.67238973426,-104.619151341,-104.591286055
235,0.921889187134,0.518743857242,1.49523517792,-99.7281013288,-99.6807941641
236,0.645982507316,0.323464263461,1.13421526681,-74.5227034412,-73.4164341331
237,0.855008336367,0.469848247166,1.40985807374,-90.2284874963,-90.0612251011
238,1.27110193349,0.780024114744,1.93317072474,-123.714342432,-123.215726646
239,1.13915165113,0.678729275936,1.77340315279,-113.586249622,-113.449166374
240,1.54347168091,0.993890489621,2.26792084344,-149.223701405,-147.352610749
241,1.00218221317,0.575942568111,1.6013783648,-101.624980272,-101.624944886
242,1.12749929413,0.671691166452,1.75363564726,-112.153414447,-112.037480366
243,1.2696646659,0.779875277165,1.9329432241,-123.099652505,-122.601792468
244,1.21592943702,0.735933170822,1.87174168126,-118.918937982,-118.598722375
245,1.2602930635,0.774296084908,1.91912823834,-126.121296103,-125.65185274
246,1.41895980128,0.893773056201,2.12041196411,-134.301709042,-133.162371572
247,1.19541980543,0.723813795965,1.83926867349,-121.996880836,-121.727956794
248,1.56473172023,1.00745136378,2.2997401724,-148.179443296,-146.197905313
249,1.25670974869,0.77187064046,1.9132778373,-131.877565595,-131.420205261
250,0.776088335418,0.415448782886,1.30364058596,-88.7949130254,-88.3773956916
251,0.848869938533,0.466534536654,1.39946925935,-92.174915578,-91.9913464757
252,0.930430735506,0.52349943977,1.50921324939,-97.8422894564,-97.8052363626
253,0.847890471898,0.466018821093,1.39775238868,-90.1983066992,-90.0120226501
254,0.795020398653,0.425286139567,1.33582867984,-84.9105398198,-84.571293243
255,0.921465257732,0.518542533919,1.49428975383,-100.104282786,-100.056414673
256,0.849582556357,0.466923358618,1.40057050286,-93.0164335116,-92.834796993
257,1.19816830756,0.725317770118,1.8425771507,-114.155910185,-113.881072525
258,1.15669733111,0.690131725674,1.80218476985,-110.599945566,-110.42682073
259,0.512805525112,0.234215520444,0.95545022665,-66.3709638096,-64.1211898697
260,0.851763718774,0.468115408973,1.40419458743,-88.3592694047,-88.1834672536
261,0.647013007939,0.323974689454,1.13605609364,-74.0012157298,-72.9037318718
262,0.980813676257,0.563823636641,1.56667447157,-107.355451464,-107.35263291
263,1.27110193349,0.779881310802,1.9329877881,-120.331697814,-119.833753329
264,1.07565087999,0.630297161202,1.69457936474,-110.200295549,-110.158960355
265,1.13027603594,0.673724866139,1.75890839326,-110.849185736,-110.727436247
266,1.27110193349,0.78014384687,1.93397458219,-124.853199432,-124.353771808
267,1.28072209439,0.785596092749,1.94893559934,-127.260201793,-126.73189682
268,0.649445681808,0.325246784467,1.14039210024,-74.1403428483,-73.0633503709
269,1.05837461706,0.620031057279,1.66785635559,-108.769786179,-108.744662157
270,1.05322587806,0.617123427558,1.6593176835,-107.00845318,-106.987411677
271,1.07000368392,0.626775495487,1.68644848983,-107.498306543,-107.462717312
272,1.13417043735,0.675950670749,1.76532745428,-114.25356869,-114.125110533
273,1.20045074858,0.7261683882,1.84557417305,-119.375625076,-119.096992844
274,0.920831939613,0.518174549028,1.49341583134,-98.5518204328,-98.5031396129
275,0.855531556437,0.470207229803,1.4103924292,-87.6409505038,-87.4748974791
276,1.3377279264,0.832568607775,2.01713646502,-130.096329214,-129.331001133
277,0.926021990177,0.521115990777,1.50163848518,-95.6508865109,-95.6086841716
278,0.993790490117,0.571217137457,1.5876732403,-103.015036654,-103.014746685
279,1.04830796883,0.614183852523,1.65180039546,-110.282266257,-110.264832437
280,0.614117269777,0.294908352162,1.1084288604,-68.1038891498,-66.8423184111
281,0.713675928558,0.370297995014,1.22378273525,-79.844460396,-79.1447823737
282,1.13025703192,0.673694985174,1.75895315952,-112.635726475,-112.514025565
283,0.999280311056,0.57429076397,1.59667733366,-101.773636555,-101.77363269
284,1.34352322584,0.836101067476,2.02565619165,-130.291465727,-129.504721553
285,1.19655298332,0.724518126875,1.84077400927,-117.847376987,-117.57570535
286,0.714765586265,0.370860018032,1.22556450345,-80.6565140821,-79.9634745748
287,0.98708703907,0.567423302907,1.57672664908,-103.668049692,-103.666784017
288,0.645473958366,0.323272080274,1.13348716216,-79.4376797551,-78.3277587606
289,0.990719542457,0.569476160172,1.58257214152,-101.930121994,-101.929471538
290,0.651864621517,0.326180177282,1.14398071411,-75.7362867374,-74.6760263613
291,1.39317079267,0.866596234441,2.09985451688,-125.377763858,-124.399491622
292,1.47771668144,0.941675605545,2.18850964898,-138.857245003,-137.387872914
293,1.41808178474,0.893325651192,2.11873552396,-134.469750243,-133.333638347
294,0.58427998188,0.280543370509,1.05459799382,-71.2061671526,-69.6460157586
295,1.42978264555,0.900704559469,2.13617163239,-135.625013573,-134.437795354
296,1.1381052509,0.678287398426,1.77147734478,-112.803940614,-112.668476303
297,0.991163501733,0.569759017057,1.58325984851,-99.1369693879,-99.1363798618
298,0.787380741471,0.42104351562,1.32164919055,-84.3279870371,-83.9558501742
299,1.63177488006,1.06103459892,2.38025465965,-149.798012959,-147.356489747
300,0.987395296085,0.567621624145,1.57713006014,-99.9116861861,-99.9104802557
301,0.715282182978,0.371111408108,1.22653842189,-79.7653955673,-79.0756818453
302,0.985709224368,0.566615758257,1.57458615759,-104.329831288,-104.328278131
303,0.78536900561,0.419930201419,1.31798359763,-83.11455918,-82.7338886135
304,0.788202918552,0.421739657749,1.32381183251,-87.7397505182,-87.3730204604
305,1.14712181424,0.683621900032,1.78555987497,-109.980455887,-109.828387662
306,0.785533093609,0.420331666803,1.31931021345,-86.0966447853,-85.7188486525
307,0.717299001441,0.372358812837,1.23068887527,-80.344622199,-79.6692836539
308,1.35148467499,0.840877547397,2.03814169793,-129.038809269,-128.222614255
309,0.785214465201,0.41967129544,1.31788788228,-87.3001312217,-86.9184528371
310,0.339256468987,0.121588824694,0.729765639792,-45.0052879362,-40.686505968
311,0.790704195792,0.422975577469,1.32811882871,-82.9050154872,-82.5484696968
312,0.986175668971,0.566881928876,1.57533717883,-102.711047445,-102.709594945
313,0.794794124792,0.425116014902,1.33521565225,-84.6844213941,-84.3441684662
314,1.55344056567,1.00025996486,2.28287700307,-144.151693684,-142.228870294
315,0.850882062768,0.467633174275,1.40281363141,-92.1539887711,-91.9758393063
316,1.12880600056,0.672781879278,1.75688200353,-112.136486412,-112.017316288
317,0.982107413617,0.5645367197,1.56877334427,-107.557689702,-107.555243301
318,1.43317790142,0.902841132899,2.14078490938,-132.516724002,-131.314703672
319,0.582246089276,0.279588344129,1.05079721998,-69.7693227124,-68.1861618771
320,0.793044970471,0.423862768976,1.3311105145,-84.1485033976,-83.7988462158
321,1.2710904094,0.7808727624,1.9351242025,-124.130627347,-123.627739676
322,1.20358271705,0.728644863169,1.85207007958,-122.199987322,-121.911065841
323,0.853597791854,0.468780918568,1.40662422597,-93.4522424871,-93.2800049136
324,1.3488509287,0.839472299399,2.03362137395,-133.002516788,-132.195304706
325,0.447995779318,0.192366232835,0.867105558699,-60.5134991369,-57.5181777922
326,0.717299001441,0.372033612125,1.22937272066,-81.2404052534,-80.5606868232
327,1.19128288801,0.721215182734,1.83307601017,-122.698712574,-122.440060954
328,0.670951907329,0.336007780282,1.1782045621,-71.5391081685,-70.6292433593
329,0.580421423324,0.278880602246,1.04810842565,-69.9669269503,-68.3672587389
330,0.995981527623,0.572492275946,1.5910059342,-98.6544415599,-98.6543204629
331,1.26326586621,0.775919313586,1.92330132392,-126.02447301,-125.546770666
332,1.56715136041,1.00872930131,2.30415644947,-148.956827868,-146.964857094
333,0.586953093768,0.281954964162,1.05963255461,-68.4459886288,-66.9161261826
334,1.11305114356,0.651947627634,1.75445946574,-100.361324151,-100.273308094
335,0.719371785373,0.37323167002,1.23359577319,-79.7035181537,-79.0382739741
336,0.850871357316,0.467651040749,1.40267460796,-90.2182261032,-90.0399898797
337,0.922023889324,0.518848515718,1.49532895107,-99.1858837623,-99.138735453
338,1.04655577865,0.613226388516,1.64877115176,-111.275768693,-111.259531757
339,1.49586829109,0.95382041328,2.21393328853,-148.777455177,-147.216637162
340,0.714362805405,0.370663468103,1.22517999763,-84.3409544399,-83.6460549726
341,1.72710229012,1.13296390988,2.50292392761,-153.728638828,-150.621157231
342,0.923331819226,0.519650157634,1.49716622502,-97.0626854836,-97.017162438
343,0.726338383758,0.376800701431,1.2461285669,-82.4423399676,-81.8188433732
344,1.06015534851,0.621035282528,1.67081510791,-108.949398744,-108.922786018
345,0.915867148701,0.515430886201,1.48505907961,-98.9175429927,-98.8621439682
346,1.06460537819,0.623536549031,1.67824913754,-108.987987629,-108.957487769
347,0.650789605192,0.325986589933,1.14343495295,-74.8897208618,-73.8268085009
348,0.86368008463,0.474954588865,1.42542066777,-89.8452328129,-89.7010483438
349,0.78118047508,0.417910807457,1.31206259824,-89.6110128313,-89.2149325519
350,0.921820205561,0.518795289048,1.49464060416,-96.376689389,-96.3292529619
351,1.42136647831,0.895815319466,2.12511957454,-135.265161766,-134.111761161
352,1.1263638193,0.671400758874,1.75279519626,-113.334490745,-113.219403166
353,1.07289510896,0.628426075048,1.69117750921,-107.571663071,-107.533224356
354,1.42136647831,0.895278039435,2.12520846511,-138.058423831,-136.908411344
355,1.26791684599,0.778713639777,1.93047228834,-126.85565944,-126.363564071
356,0.855917512993,0.470391069156,1.41115881455,-94.1346277911,-93.9696093086
357,0.897989992917,0.493455170391,1.48069337075,-89.5831496805,-89.5055365083
358,1.05348455373,0.617266195326,1.65976061595,-108.689589868,-108.668351743
359,0.780839910961,0.417758784007,1.31134541792,-86.8533969265,-86.4557062489
360,0.847017604228,0.465529003771,1.39629448632,-92.1011276092,-91.9124847173
361,1.07206293703,0.627951707091,1.68977833161,-108.735642593,-108.698032972
362,0.709317027046,0.368073647017,1.21609486804,-80.5305379399,-79.8033923596
363,1.20849829428,0.731771011065,1.85907746102,-121.319511405,-121.017849892
364,0.782768052815,0.418769825638,1.31460097963,-88.4219248848,-88.0325534375
365,1.19137907824,0.721453492425,1.83257111889,-120.550135734,-120.290956552
366,0.846459859889,0.465198336967,1.39546161703,-96.736684322,-96.5465297661
367,0.867028418003,0.476381921735,1.42998851137,-90.7533511681,-90.6153286278
368,1.19469656727,0.723419098717,1.83782815007,-115.608506352,-115.341341132
369,1.0567364018,0.619112676952,1.66511451216,-109.384549007,-109.360758643
370,1.03450262149,0.594605444793,1.65266245164,-103.637526266,-103.629040538
371,1.06092210969,0.621520756685,1.67187885326,-107.997349041,-107.970072667
372,0.716463153963,0.371721626454,1.22857371643,-79.586040023,-78.9035136779
373,0.925320816057,0.520703761651,1.50067673983,-97.2167933379,-97.1737529752
374,1.191366296,0.72145726972,1.83250455465,-117.958253363,-117.699085583
375,1.09036981262,0.638824774047,1.71807899971,-107.0192882,-106.961405846
376,1.01612881897,0.584004879755,1.62347205581,-107.511667968,-107.509769403
377,1.20401961936,0.728864363189,1.85289996497,-116.077796451,-115.787856327
378,0.714102689098,0.370484327329,1.22466688959,-80.5669273451,-79.8701548586
379,1.19453900299,0.723323134,1.83759678447,-117.311103784,-117.044325262
380,1.20111455013,0.727249294593,1.84790321043,-119.401504572,-119.118588398
381,1.58669142211,1.01276020836,2.34672139594,-140.883348433,-138.860543429
382,0.951580231813,0.535511997236,1.54302526365,-94.696157162,-94.6787151974
383,0.926344763424,0.521313789941,1.50219369208,-92.7606953906,-92.7188748819
384,0.714820569328,0.370955310659,1.22568812997,-78.7450115185,-78.052365821
385,0.938708668287,0.52821247313,1.52239152947,-96.9531626337,-96.9247211176
386,1.21193499009,0.733613643237,1.86523062097,-118.481638098,-118.171598806
387,0.986102169838,0.566815447496,1.57522884466,-100.615799658,-100.614331872
388,1.27310516549,0.781812546426,1.93867659028,-127.543552343,-127.03529022
389,0.716357594413,0.371722969755,1.22855061702,-80.4887744006,-79.8057739125
390,1.22540203063,0.741876241535,1.88556185055,-120.554678901,-120.208951987
391,1.21088308013,0.733077850514,1.86324098139,-115.957233179,-115.64971212
392,1.13013507097,0.673543468674,1.75905950721,-112.282477866,-112.161052863
393,0.991884622289,0.570197158282,1.58431856614,-99.2931210473,-99.292624208
394,1.41713535138,0.892664160378,2.11752976506,-138.305770444,-137.174120901
395,1.12882158048,0.67274146086,1.75697965379,-113.868873871,-113.749716853
396,0.927659192251,0.522013586472,1.50439572623,-96.2163824785,-96.1761303764
397,1.85603108027,1.22851487912,2.67074020469,-162.131271035,-158.075424649
398,1.06182283669,0.622054609374,1.67328037726,-106.775325777,-106.747266154
399,1.34176598995,0.835071592619,2.02292508751,-124.77657958,-123.996211248
400,0.915653726812,0.515369163949,1.48455090765,-95.8482025942,-95.7924744712
401,0.92654147382,0.521424031242,1.50241141426,-92.5435950666,-92.5020072028
402,1.06995201999,0.626736669345,1.68640047492,-104.108239008,-104.07270227
403,1.2685120011,0.779217449042,1.93087801298,-120.507880926,-120.013516167
404,0.983294148339,0.565278933103,1.57051915711,-102.964356913,-102.962226631
405,0.713307440515,0.370176477214,1.22313541996,-79.9939821537,-79.2919834562
406,1.07060780151,0.627155303004,1.68729591366,-106.824133059,-106.787947131
407,1.0544524479,0.617798695633,1.66142098188,-109.469284284,-109.447303406
408,0.930631907453,0.523725353352,1.50914962367,-97.0600550363,-97.023187183
409,1.26365001828,0.765092951216,1.94421579669,-117.062462393,-116.608569782
410,1.0660044945,0.624389933314,1.68031744991,-110.443316756,-110.41152921
411,0.857930374924,0.471481770214,1.41455047756,-96.2224760595,-96.062557222
412,0.645406271537,0.32324182869,1.13331464614,-78.4301365727,-77.3194419608
413,0.920338867009,0.517946371067,1.49230541343,-97.7659325517,-97.7165839179
414,1.04676092082,0.613358684423,1.64904312701,-110.510746631,-110.49436919
415,1.20843792158,0.73154486752,1.85966975706,-115.962892851,-115.661738703
416,1.13542022385,0.676619470856,1.76746353078,-114.637946442,-114.507345329
417,0.594469225279,0.285307881722,1.07263756897,-66.6649574742,-65.2105852372
418,1.12135615284,0.668412245652,1.74502163317,-113.953832426,-113.847051754
419,1.34083253172,0.834415630268,2.02174904382,-130.749425656,-129.972882774
420,1.05713716664,0.619351412461,1.66573048545,-108.375815909,-108.351699733
421,1.69573490217,1.11290695941,2.45592054161,-157.085756131,-154.161640777
422,0.870816050531,0.478530724597,1.43629475858,-92.9302101441,-92.8008452663
423,1.21684227105,0.736827133897,1.87193759138,-119.936843908,-119.613572317
424,0.793044970471,0.423986179817,1.33147174398,-85.5854934468,-85.2367086959
425,1.19200602802,0.721691723509,1.8340762891,-120.499903201,-120.239432845
426,0.578712137144,0.277912848391,1.04429805797,-71.5921735358,-69.9689221365
427,1.00157080322,0.575648905949,1.60015644025,-100.034853044,-100.034834685
428,0.995733150592,0.572323219552,1.59081567006,-100.559351814,-100.559215268
429,0.715208631307,0.371165719289,1.22649694231,-80.3200554169,-79.6299906777
430,1.11958797515,0.667415751551,1.74204857614,-113.919565931,-113.815612263
431,1.18831685351,0.719591229625,1.82789037097,-118.579826333,-118.328014884
432,0.712206847951,0.369592477851,1.22123959748,-81.783327456,-81.0746444348
433,0.796675482052,0.426420269731,1.33748556865,-85.517398515,-85.1835456076
434,0.786370809123,0.42064921644,1.32087871093,-89.9051092917,-89.5310135774
435,1.13915165113,0.678821216159,1.77308373047,-112.664810694,-112.527662227
436,0.849212263651,0.466761378336,1.40003028946,-91.2627677132,-91.0802852439
437,0.647451933573,0.324242403104,1.13692587913,-74.9403040384,-73.8468375874
438,0.650789605192,0.325668520054,1.14244130677,-77.7796575689,-76.7119985025
439,0.476433596667,0.204506082859,0.92194896716,-55.0181913279,-52.5216412462
440,1.19234128363,0.721867825231,1.83465888848,-124.115131552,-123.853902693
441,0.650789605192,0.325940909353,1.14313664332,-74.5834967894,-73.5193090256
442,0.99306881913,0.570803735228,1.58651366228,-104.069200236,-104.068838597
443,1.06902565808,0.62628859226,1.68457238145,-109.519033699,-109.484367229
444,0.853597791854,0.469068924167,1.40740789597,-91.4619529161,-91.2910082765
445,0.843241757253,0.463797292366,1.3908274803,-94.3299047022,-94.1321855829
446,1.2020641545,0.727708174395,1.84979229214,-118.364176983,-118.079094716
447,0.518543571014,0.236820149444,0.966250885856,-65.4820919956,-63.3164791888
448,1.06555722719,0.624173088453,1.67943180324,-109.734116789,-109.702730373
449,0.780687500731,0.417745445515,1.31106026137,-88.3254916261,-87.9271991275
450,1.3394205239,0.833573177653,2.01939017141,-128.837888403,-128.066516737
451,1.12626125638,0.671264650433,1.75292636351,-115.088537364,-114.973682587
452,0.78536900561,0.419834921155,1.31798668025,-85.6572497881,-85.276316326
453,0.989088295565,0.56854977956,1.5799176687,-104.785660346,-104.78475906
454,0.987170950494,0.56741708338,1.57709317648,-104.156064194,-104.154815393
455,1.29764249057,0.796770041153,1.9765503907,-122.712836306,-122.124935032
456,0.858448393451,0.471669398825,1.41575313864,-95.188795861,-95.0303306961
457,0.653930807223,0.327464939735,1.1484831832,-73.7539285396,-72.7142700575
458,0.783815186991,0.419325192762,1.31596213422,-85.2673666086,-84.8815362692
459,1.33227225603,0.829228078476,2.00839447621,-132.943694524,-132.198655267
460,1.27665149162,0.784243548943,1.9431857642,-119.480333613,-118.960000221
461,0.781110098157,0.417998017256,1.31164691721,-83.7330028256,-83.3363945191
462,0.925296055494,0.52074860842,1.50029335733,-94.4498858827,-94.4067918231
463,0.719846437492,0.373452092138,1.23457430283,-78.5470239175,-77.8849728842
464,0.718531702515,0.372547453518,1.2314022877,-80.4592566519,-79.7865588681
465,1.20541252234,0.729672421708,1.85515130015,-124.707346252,-124.413953384
466,1.06641259532,0.624735051573,1.68054669754,-106.949123873,-106.91693278
467,0.930764974547,0.523725423983,1.50967619738,-95.671184305,-95.6344897937
468,0.78536900561,0.419793500789,1.317995512,-87.4945418496,-87.1135013589
469,1.06302584406,0.622682970732,1.67547289351,-110.784598824,-110.755498769
470,0.990369188336,0.569306901114,1.58187921609,-101.592854178,-101.592153143
471,1.03996378462,0.597731727702,1.66143278839,-99.4783241514,-99.4670202751
472,0.542465812649,0.247735914565,1.01088724399,-61.7697532606,-59.9226029694
473,1.20657418385,0.73048852414,1.85653968875,-115.077807306,-114.781265768
474,0.92021422916,0.517871801653,1.49221153394,-97.8508562026,-97.8013457665
475,1.49396177639,0.951836955607,2.21318971748,-144.874362996,-143.328099068
476,1.09830068096,0.643433825418,1.73072738967,-110.021330474,-109.953522055
477,0.753656123327,0.391247046517,1.29323369308,-77.3689552467,-76.8884171157
478,0.85522597939,0.469987178638,1.41007711017,-92.0344374289,-91.8676547803
479,0.721093382325,0.374097988522,1.23664377418,-79.7009508784,-79.0462560247
480,0.792382124756,0.424096484472,1.33185226013,-86.7129201405,-86.3646594281
481,0.996445561112,0.572732410631,1.59185338351,-99.6106188113,-99.6105241437
482,1.3377279264,0.833073126875,2.01698348507,-128.514035659,-127.74612758
483,0.793044970471,0.423825176011,1.33136638558,-89.160820254,-88.8114340716
484,0.98545043962,0.566516034246,1.57387465685,-102.273646768,-102.272035684
485,0.783815186991,0.419599481158,1.31680859741,-84.3619448699,-83.9782463504
486,0.91333517304,0.514021671528,1.48088481289,-99.7032689304,-99.6442600779
487,1.00049247611,0.575014762127,1.5985000298,-99.525525483,-99.5255236762
488,0.654101792843,0.327519715987,1.14874375569,-73.2106671002,-72.1721445402
489,1.42430930389,0.897173168388,2.12821650446,-135.07754647,-133.914743303
490,0.783815186991,0.419744099221,1.31752633396,-86.0219893623,-85.6398430666
491,1.2084696091,0.731397859035,1.86034278796,-119.085320501,-118.784397486
492,1.46108675528,0.920373319257,2.18313478394,-131.301353253,-129.975161164
493,1.21065722688,0.732852908988,1.86320891843,-119.269956532,-118.963183182
494,0.788756269381,0.42193598761,1.32487108017,-83.6339834423,-83.2696438014
495,0.726333358103,0.376757561878,1.24558207999,-79.3663633255,-78.7413836737
496,0.59245177857,0.284453319302,1.06949275128,-67.4018310668,-65.9294127616
497,1.48622551395,0.946960962078,2.20123927059,-140.307478056,-138.798226817
498,1.20631709628,0.730277488232,1.85635763759,-120.413547398,-120.117761527
499,0.513017993548,0.23431096887,0.955856954355,-64.0185351672,-61.7719896879
500,0.988667079056,0.568271743712,1.57939885671,-101.693818329,-101.692845847