site,MLE,Lower,Upper,LogL_global,LogL_local
1,0,0,0.252094292536,-10.8246412859,-3.35285896304
2,1.39490888061,0.565919845363,3.29336164758,-31.9427284745,-31.6508255208
3,3.19682342998,1.4137521557,7.61182508709,-38.5769718228,-34.8402031189
4,0.904753570777,0.216351636399,2.70073329201,-15.0044309551,-14.9907228808
5,1.566030137,0.422098942571,10000,-22.9460001608,-22.6993537195
6,4.27080099701,1.31749919696,10000,-23.7646935876,-20.9309335333
7,3.94700952756,0.888122023394,10000,-17.032780216,-15.3666778863
8,0.802065617714,0.0436171625189,6.79424388841,-7.88167444079,-7.85895196965
9,3.0451590019,1.2730731131,6.50613076454,-36.2783119821,-33.3210605902
10,5.51643756444,1.90184316393,10000,-42.1933810423,-36.8480048946
11,2.92199047647,1.26718116565,10000,-41.5068151005,-38.4126535099
12,2.83050886821,1.14832014345,18.5697330303,-37.4671602783,-34.9480468232
13,1.23327951024,0.442107630831,2.75566459352,-23.0988248833,-22.9980862774
14,1.34147659809,0.398883141599,3.48935337472,-23.3974957171,-23.25665643
15,3.24275518089,1.16133617696,10000,-30.4352482423,-27.9319387358
16,0,0,10000,-4.15813317706,-4.15813317706
17,0,0,10000,-2.81043004211,-2.81043004211
18,0,0,10000,-4.15813317706,-4.15813317706
19,0,0,2.03945555948,-4.03540524534,-3.07782111092
20,89.6002265006,1.15493327276,10000,-10.4050153725,-8.25577613749
21,1.66950597197,0.243933291045,10000,-8.8579016927,-8.68366960042
22,0,0,1.58075397753,-3.88846461587,-2.62227287347
23,788.14919852,0.325027747495,10000,-13.3244917267,-12.6193130369
24,788.14919852,1.12743958496,10000,-12.8887584541,-10.8604243097
25,788.14919852,1.44796207132,10000,-14.6059138392,-12.1509698095
26,1.21304071114,0.183771096175,10000,-10.4779441625,-10.4501098537
27,3.09104181142,0.791920573245,10000,-18.7907118107,-17.4479406109
28,788.14919852,2.10386720478,10000,-29.2485220488,-25.0141359141
29,4.98168418007,1.54933183893,10000,-30.9039874169,-27.2802804569
30,788.14919852,4.9413174828,10000,-44.0305789132,-34.0689145093
31,11.6952460362,3.48818543486,10000,-44.1003248584,-35.361121738
32,5.73547126808,2.33114422404,10000,-42.9757608474,-35.9593306261
33,4.82824885038,2.11962659339,18.0236433271,-42.5278934852,-36.0447638473
34,4.19451221879,1.56425187182,10000,-37.9298498587,-33.7585652674
35,788.14919852,7.73325270008,10000,-65.2210760212,-53.2290114989
36,3.85988647707,1.98770691456,9.9543291242,-61.4985263698,-54.1264569739
37,6.23712163377,3.35156139061,11.1238398781,-64.3341148872,-51.3371818127
38,97.4581598659,4.67273010714,10000,-54.839366774,-44.4076987324
39,3.83878762287,1.95560354289,15.4593420851,-60.2780184609,-53.0386123864
40,1.63138871768,0.970576961427,2.58992698069,-93.6490270626,-91.929891856
41,1.42568206612,1.00360179403,1.96105147408,-194.41778312,-192.459936135
42,1.69353283351,1.35704985637,2.08683779207,-475.229591273,-465.242233701
43,3.42648196622,2.81696068735,4.15037567386,-577.868903085,-515.277905083
44,4.22892878498,3.28120485978,5.47700233782,-443.243190815,-390.265294727
45,3.58820841463,2.74346085,4.65181757618,-324.455975752,-289.107875933
46,6.30501570937,3.09328065999,25.4669537875,-58.7065549869,-46.9070175502
47,11.3032856927,3.79286548369,10000,-55.3989716575,-43.5344605079
48,7.11117175653,2.56943960687,10000,-37.8490679932,-30.8714796508
49,2.04644981828,0.788340853631,4.62022576567,-26.2602848445,-25.113561449
50,36.8797324293,5.67781339426,10000,-40.8274156527,-29.1610247248
51,3.07077433871,1.23339163854,10000,-33.140930243,-30.3414977543
52,3.96661279558,1.31303888824,10000,-27.6078734259,-24.6821606687
53,1.60174451662,0.664609467768,3.34420899553,-30.6005411219,-29.9918034533
54,2.37239479928,1.11302399311,4.6857442382,-41.8474816588,-39.4079232611
55,2.07630142026,0.930454383972,4.07480162969,-35.9350171891,-34.3137566638
56,8.18600442016,3.07214418034,10000,-53.8214120759,-45.3135639896
57,5.19182773236,1.77477067906,10000,-38.9794823269,-34.3532734675
58,6.50867501676,1.79675743658,10000,-24.1130741936,-19.9646853021
59,3.53803451417,0.816559499255,10000,-18.8743231816,-17.4480598042
60,3.44827583268,0.918452573251,10000,-17.8534941895,-16.1464081554
61,89.6002265006,0.388025078785,10000,-5.92008247868,-4.86311184449
62,1.50279061817,1.11394796648,1.98434475399,-210.920204432,-207.465914187
63,1.95822662608,1.53278635464,2.45673858851,-394.038029134,-381.352571072
64,3.05673098962,1.3910205426,6.73708180305,-47.0184178309,-43.350953345
65,2.00612795655,1.65084810361,2.41490020894,-505.844786124,-484.386010645
66,1.52368974756,1.19105942802,1.9163644227,-322.180223942,-316.849566425
67,3.1820807662,2.70991946748,3.72315263884,-754.246184592,-672.782481695
68,4.7195648155,4.04933870046,5.50459443617,-931.271367924,-770.263826925
69,2.74030431074,2.30021770975,3.24667709956,-555.890991756,-502.74815943
70,3.19881092228,0.496330860439,10000,-12.6628933115,-11.7924807511
71,788.14919852,1.17319982011,10000,-13.0742982788,-10.8696122223
72,788.14919852,1.36908067234,10000,-14.6561267667,-12.1381204496
73,8.24072865362,1.56920261176,10000,-14.8502017844,-11.8615473872
74,788.14919852,1.64613017857,10000,-14.1163138873,-11.503544217
75,1.77626164281,0.119131393641,7.99381671332,-9.63476867968,-9.47338608307
76,19.6004993064,1.13637797085,10000,-13.7545792255,-11.5656628301
77,3.87560899031,2.98979815185,5.05040323728,-332.081620053,-287.656208619
78,2.92826681557,2.14682121421,3.92240073367,-242.717206834,-223.431606536
79,4.60353883567,3.45500907413,6.22856724312,-344.97018412,-295.594670177
80,4.35407404601,3.21315510812,6.50192467332,-317.770787867,-274.789864693
81,4.92815751754,3.36927970485,7.83665920302,-232.796074402,-197.947707012
82,6.199644315,4.21932597853,10.0923794981,-301.768668349,-252.847154157
83,11.9822158323,7.61523788304,10000,-336.047322663,-265.78391506
84,5.03059653085,3.58482671645,8.47281627734,-276.665473582,-233.472304023
85,5.26281256149,3.48318780473,10.1436118546,-195.983380764,-165.155217809
86,8.24113603739,4.58020319493,10000,-163.596126445,-130.068160859
87,11.65250925,3.78302763936,10000,-56.8987267587,-46.1657931659
88,788.14919852,4.16467426216,10000,-49.3469816574,-37.9542013376
89,3.59932169841,2.10143633766,6.05769646806,-95.9925623657,-86.0738867958
90,28.8659215721,4.24520191753,10000,-124.137924165,-100.821172492
91,8.28965419567,3.89470414265,10000,-109.414652318,-90.7689108904
92,6.04687898568,4.78316121915,7.55930876796,-506.231558514,-417.303543907
93,1.39613935164,0.958481214493,1.95949436017,-176.349747232,-174.819344255
94,2.84833372155,0.369433635142,10000,-12.2905091273,-11.7319116377
95,21.8014030064,1.79249643616,10000,-14.3777082449,-11.2320938713
96,788.14919852,0.570938848351,10000,-6.99435747768,-5.72595122441
97,6.34033403903,0.274342548331,10000,-6.18607487604,-5.38884767802
98,0,0,4.02092096238,-3.46785170505,-2.83117919101
99,1.60842755842,0.0812763320635,10000,-5.41103452797,-5.33331438676
100,6.82366887418,0.292178789347,10000,-5.85135773499,-5.03346009099
101,1.73866835157,0.0919364982801,10000,-8.3512314924,-8.24400953982
102,1.78772833024,0.518496723167,10000,-18.9220684718,-18.4388305409
103,8.33393354627,2.76046342285,10000,-31.5015217596,-25.082881107
104,4.48886705755,2.62311585464,7.09986379592,-93.3154950927,-81.8616825943
105,4.37631907889,2.89732206281,6.83428188383,-165.110984206,-142.465393325
106,5.55217216241,4.0552642894,7.45266250451,-232.388907956,-191.290711395
107,6.33271181985,4.15370123145,10.7722620416,-224.974545658,-184.730697373
108,7.06564780956,5.13340687337,9.56250157054,-223.820181586,-174.283311143
109,4.18589115361,2.54371588381,7.37760284373,-109.644080509,-95.4597261405
110,5.99260540974,3.84814666943,12.1288186898,-184.32301766,-153.128427497
111,5.28723929594,3.64805828939,9.11257760649,-206.623509937,-172.384873519
112,3.61206157809,2.55973258802,5.06679532601,-200.630231517,-178.096435987
113,7.21219814317,5.0981269369,9.91330058111,-260.070020149,-211.004684647
114,5.02608999864,3.62403392775,7.04839036929,-244.345036797,-204.809663021
115,4.64514939245,3.35303092564,6.53113393696,-235.38667987,-199.456711614
116,8.05454350294,4.73855257769,11.9435851954,-252.591168844,-205.345036937
117,5.37453871007,3.62048242438,9.49949698108,-191.432571196,-159.711792828
118,3.96929116998,2.93637897962,5.35856992905,-274.067489348,-240.141374354
119,4.19965144727,3.07683518918,5.76438619562,-281.38307913,-246.160008864
120,5.36964996206,4.0192224882,7.22849339399,-324.242698552,-269.013325184
121,6.97404286819,5.36503308151,8.90069404281,-332.21191303,-264.872737091
122,8.44893035955,6.55694825564,10.996061459,-461.139955009,-356.818649482
123,4.34752796797,3.35449534913,5.63782632707,-381.519626084,-329.470772295
124,4.80591606392,4.00264323863,5.78673875836,-785.722099996,-665.500065985
125,17.1738894471,12.3698412927,26.3969835445,-1012.56526045,-783.366158276
126,5.25147173692,4.3384617318,6.43707577478,-873.894417709,-738.938596162
127,5.37098616282,4.47595586658,6.50342946116,-892.318688486,-742.048401662
128,5.60997786205,4.67557594056,6.78107006013,-884.489437753,-730.888562566
129,6.23205714194,5.2723222275,7.39827009272,-965.153283838,-775.966792456
130,6.98518773528,5.91053036651,8.22278546154,-847.716423283,-664.345990643
131,7.55616030721,6.14651526314,9.52838445489,-903.904877275,-720.667826849
132,5.16493286825,4.27501746607,6.31290664198,-831.323828023,-694.85611877
133,9.36862464317,7.6532703714,11.3640026424,-872.80134236,-677.897889869
134,5.27533631524,4.43033070837,6.26447975088,-741.230021888,-608.624375662
135,5.65981043126,4.70405128939,6.86064513818,-793.257988218,-643.26232476
136,8.59710710777,6.54442931694,11.2525824062,-348.048994954,-271.354928922
137,7.49098734325,5.98344966226,9.52004697017,-789.719287798,-645.619742082
138,6.42217849055,5.36448841763,7.76060595222,-946.828038398,-766.985276733
139,2.65479646278,2.11954282303,3.27413864185,-398.233420482,-369.423095033
140,5.91593539483,4.97134025366,7.08511578225,-987.429698711,-809.631006241
141,0.403167328737,0.280307345717,0.558033172788,-186.967562937,-168.507001283
142,2.82154306336,2.31350163376,3.40203463086,-495.63466399,-454.721683778
143,0.0214461132071,0.003563238311,0.0663004530675,-99.9408331841,-18.8095147108
144,4.10141090414,3.35636928628,4.96581230381,-632.552999048,-560.479712222
145,0.191788485001,0.112220009059,0.302747234752,-133.951159289,-94.7104525048
146,6.72764991464,5.62284980718,8.05601937989,-942.657369733,-762.546144883
147,1.04773452163,0.830528129269,1.30268886394,-307.6724509,-307.590864408
148,1.36585437641,1.1083271646,1.66298027128,-484.510983272,-480.359465616
149,3.09546096916,2.55776917478,3.70926105561,-558.607852639,-506.596567401
150,5.11864386889,4.30429027448,6.06269475911,-807.403844404,-677.696990111
151,0.70954549514,0.505879380503,0.962884759922,-188.236608097,-185.778442563
152,2.02212161449,1.67833584544,2.413669403,-581.586963446,-557.904521154
153,4.39377841817,3.70008668594,5.22575523255,-863.794684986,-743.344788719
154,3.88437346608,3.27972967368,4.59679337688,-771.382383912,-668.574913341
155,0.443880056574,0.302373778864,0.624928868042,-197.365027866,-184.651560479
156,4.11971200273,3.45291302383,4.89165438104,-729.53713165,-633.813216353
157,3.41182877587,2.89248847173,4.01572704254,-740.338817008,-652.0531719
158,4.55159004006,3.79301612145,5.42062299912,-658.387186297,-562.576263931
159,2.51846452396,2.0740685566,3.03135306815,-523.632794396,-487.426733744
160,2.31750395748,1.24697133972,4.12695013374,-63.3728376613,-59.9948469489
161,2.06800338367,1.09732626452,3.65684786299,-59.3557053636,-56.8840869103
162,2.27841970679,1.22305214246,4.0495377118,-59.6180771577,-56.3878696882
163,2.1380968955,0.973771484196,4.04576377652,-39.265615086,-37.4592543169
164,2.14485460708,0.75938179778,6.30781956646,-25.9588666984,-24.8852457885
165,1.9073998069,0.593133275107,4.60047517328,-22.9955895058,-22.3177367406
166,2.23383864932,0.54907603585,6.04942578786,-17.2493253781,-16.5104620968
167,2.09533559616,0.0892954782613,10000,-7.15576954587,-7.01915112978
168,7.24811821882,0.81337102368,10000,-10.3336410043,-8.72743508595
169,0,0,7.52010538468,-2.98455330467,-2.66532775231
170,9.21045691152,0.351207708966,10000,-6.78813935562,-5.79444198999
171,2.34369672103,0.100211131883,10000,-6.34619926028,-6.16388899106
172,788.14919852,1.63593890931,10000,-8.2584416056,-5.64160923311
173,2.86292857092,0.135397915907,10000,-5.2646647746,-4.95131337653
174,14.0114561905,0.791162117402,10000,-7.40005189513,-5.73069078561
175,3.17274354731,2.67235510253,3.74589186776,-664.216804578,-594.554586093
176,3.24744146719,2.72665549302,3.83779978753,-764.707281524,-697.971587679
177,1.07636830909,0.8153604136,1.39057580089,-290.942422562,-290.799122203
178,3.02892532084,2.5397518362,3.58976497149,-676.689998744,-615.619466299
179,4.33977400816,3.68604172442,5.09351929775,-894.513587217,-778.724914606
180,1.79569912068,0.232984395027,10000,-11.4376675866,-11.2717028979
181,8.90479394207,7.57606459746,10.4436165316,-1021.5053296,-776.20215766
182,2.03457979202,1.63520621639,2.49865601507,-355.825661164,-338.143744304
183,0,0,0.0502214281551,-40.6364076163,-2.66532775231
184,3.57743080934,3.01399140483,4.23058183325,-684.099795934,-598.439233158
185,2.92711882452,2.40412782132,3.53937742673,-556.240950104,-509.495123267
186,0,0,0.0421831484313,-48.3895090185,-3.07782111092
187,3.07200756531,2.57028488873,3.6382187564,-537.242304791,-479.558346342
188,1.82318777281,1.46112856198,2.24473708067,-416.411140172,-403.723200227
189,0.029699764775,0.0049349911306,0.0918009924498,-77.5265135157,-20.2179892059
190,0,0,0.0502214281551,-40.6364076163,-2.66532775231
191,0,0,0.0421831484313,-48.3895090185,-3.07782111092
192,0.18868940893,0.0945231771976,0.331213986867,-110.805961829,-84.7289066795
193,2.41972233557,1.97825758219,2.92845933916,-446.281206827,-415.529481648
194,0.658128575634,0.493066510902,0.857122849002,-248.574016203,-243.499045679
195,0,0,0.0198579600642,-98.9173186418,-3.35285896304
196,0.035653075538,0.00592621503109,0.110201135954,-64.2032376713,-17.4482981086
197,1.16654331877,0.931939235719,1.44106625825,-393.518008781,-392.596114282
198,3.50680473373,2.99339954732,4.09223277726,-863.892588184,-768.936065012
199,1.60381817707,1.32356709169,1.92458986332,-480.273986282,-469.524316128
200,0,0,0.0421831484313,-48.3895090185,-3.07782111092
201,0,0,0.0550387788025,-38.6923341549,-3.87759802237
202,0,0,0.0225726919933,-86.9253860715,-2.92131527954
203,0.942147636869,0.739732089218,1.18115922588,-259.311675851,-259.184537952
204,0,0,0.0284591571227,-69.3411823426,-2.8824724854
205,0,0,0.0183191049955,-106.287536138,-3.12288449734
206,0,0,0.0342046967676,-58.803279925,-3.34960941416
207,0.0130694794732,0.000745808757444,0.0575986299129,-80.3038083029,-10.7400956502
208,0,0,0.0502214281551,-40.6364076163,-2.66532775231
209,0,0,0.0359190169587,-56.0545367308,-3.25586187032
210,0,0,0.0180933442786,-107.362310784,-2.92867926689
211,0.0117541155557,0.000670827668925,0.0517795348289,-89.6555748103,-11.1103813586
212,0.0392759414858,0.00976098660853,0.101985810029,-85.9969967726,-23.8689923455
213,0.789075334881,0.609483546187,1.00290795241,-312.619785897,-310.746763506
214,0.607435533958,0.456313538795,0.790085213502,-238.343260455,-230.895379193
215,0,0,0.0180933442786,-107.362310784,-2.92867926689
216,0,0,0.0187194489057,-104.600830647,-3.32855401705
217,0.0798071682686,0.0316892740776,0.161997853535,-101.718902178,-49.0869347324
218,0,0,0.0359190169587,-56.0545367308,-3.25586187032
219,0,0,0.0342046967676,-58.803279925,-3.34960941416
220,0.193677505227,0.106400445444,0.319463122448,-105.725808812,-73.6265519521
221,0.218149888424,0.122920462898,0.353598626219,-115.088215583,-86.530008473
222,0.0499208111575,0.0178963975529,0.10735772666,-121.383042363,-42.1903627183
223,0.0639362780097,0.0198319540776,0.148775774022,-74.7841185847,-28.3126554321
224,0.372556982914,0.248425890786,0.533217274693,-188.033922832,-169.874116094
225,0.724778688699,0.541033254692,0.947883809474,-289.376160311,-286.566022732
226,0,0,0.0502214281551,-40.6364076163,-2.66532775231
227,0.0388310673417,0.0120552772082,0.0902770965614,-122.921908617,-38.4207698079
228,0.222625686645,0.138542716846,0.335495688545,-161.291733886,-122.392904809
229,0,0,0.0502214281551,-40.6364076163,-2.66532775231
230,0.09679245851,0.0384286352911,0.196519312779,-83.8958059718,-42.9224187538
231,0,0,0.0180933442786,-107.362310784,-2.92867926689
232,0.472956432011,0.340980322146,0.636128932232,-181.40547348,-167.129760599
233,0,0,0.0250946673047,-77.164803434,-2.24083897102
234,0,0,0.0359190169587,-56.0545367308,-3.25586187032
235,0,0,0.0257789929746,-75.4258061974,-2.83117919101
236,0,0,0.0305501086998,-64.2738231759,-2.62227287347
237,0.77471100291,0.581209837051,1.00882141768,-296.484913316,-294.694847194
238,0,0,0.0225726919933,-86.9253860715,-2.92131527954
239,0,0,0.0252020913409,-79.2093227437,-3.58463144217
240,0,0,0.0284591571227,-69.3411823426,-2.8824724854
241,0,0,0.0502214281551,-40.6364076163,-2.66532775231
242,0,0,0.0342046967676,-58.803279925,-3.34960941416
243,0.0134171222665,0.00076558876609,0.0591467725806,-78.300824082,-10.9896580647
244,0.114840076816,0.0614409113093,0.192846934325,-133.07011351,-67.9373179622
245,0.0135184266545,0.000771380177085,0.0595901827497,-79.9934136557,-13.1459090602
246,0.303283715376,0.195427464263,0.445228268538,-152.983595713,-127.924684177
247,1.45642417406,1.11510486178,1.86328182072,-319.350640175,-315.669767766
248,0,0,0.0284591571227,-69.3411823426,-2.8824724854
249,0,0,0.0210515814594,-91.4598660625,-2.79727195753
250,3.53607067894,2.96498907356,4.21204111376,-795.608005159,-711.625948044
251,0,0,0.0502214281551,-40.6364076163,-2.66532775231
252,0,0,0.0257789929746,-75.4258061974,-2.83117919101
253,0,0,0.0210515814594,-91.4598660625,-2.79727195753
254,0,0,0.0502214281551,-40.6364076163,-2.66532775231
255,1.26383586689,1.02388412389,1.54147040301,-547.414969299,-545.055362781
256,0,0,0.0250946673047,-77.164803434,-2.24083897102
257,0,0,0.0502214281551,-40.6364076163,-2.66532775231
258,0,0,0.0210515814594,-91.4598660625,-2.79727195753
259,0.157744556726,0.0843527396609,0.265170907203,-112.440588495,-71.7124152918
260,0.258131282576,0.164234723414,0.383089582056,-133.376685833,-101.505387102
261,0.199075351418,0.107327047788,0.331297740338,-165.963432027,-135.769782736
262,0.143693552877,0.0826094375256,0.22949266573,-147.699764255,-88.7096096963
263,1.17568186766,0.943500159859,1.44620773588,-287.800866286,-286.744797947
264,7.30843475395,6.06091827704,8.78797136835,-897.200563829,-739.207694758
265,0.0134168600771,0.000765574019656,0.0591455791871,-78.2321623006,-10.9185832067
266,0.202676667907,0.124535739647,0.308394052598,-169.683266905,-126.070700974
267,1.57511866974,1.28836271611,1.90515574769,-395.687982691,-386.54002043
268,3.71093985117,3.12375527052,4.40226702569,-851.793934763,-760.152297052
269,0,0,0.0305501086998,-64.2738231759,-2.62227287347
270,0,0,0.0359190169587,-56.0545367308,-3.25586187032
271,0.798743483618,0.599594995765,1.03975902282,-272.080230764,-270.702375914
272,2.61090379969,2.07712474305,3.23272871645,-448.239465854,-420.945618361
273,0,0,0.0220643243052,-87.0195973484,-2.81043004211
274,0.537393141347,0.346326899394,0.788774432838,-165.704515885,-160.229595558
275,0,0,0.0305501086998,-64.2738231759,-2.62227287347
276,0.930078375386,0.710729401035,1.19273489843,-300.342333685,-300.187799752
277,2.53325187511,2.14969192324,2.96956618139,-676.910933221,-625.150245989
278,0.462546507381,0.334559880841,0.620265163085,-230.288788365,-214.600373175
279,0.13417427496,0.0755218034499,0.217521486384,-150.713883824,-89.776195987
280,0,0,0.0210515814594,-91.4598660625,-2.79727195753
281,0,0,0.0180933442786,-107.362310784,-2.92867926689
282,0,0,0.0198579600642,-98.9173186418,-3.35285896304
283,0,0,0.0225726919933,-86.9253860715,-2.92131527954
284,0,0,0.0198579600642,-98.9173186418,-3.35285896304
285,0,0,0.0187194489057,-104.600830647,-3.32855401705
286,0,0,0.0502214281551,-40.6364076163,-2.66532775231
287,0,0,0.0250946673047,-77.164803434,-2.24083897102
288,0.0109633554944,0.000625603506095,0.0483219448422,-93.5164784257,-10.385428955
289,0.634788545182,0.452058203909,0.862639781658,-179.40282853,-174.975536147
290,0,0,0.0421831484313,-48.3895090185,-3.07782111092
291,1.29867296732,1.04974991411,1.58799243743,-324.000052624,-321.140979987
292,1.48724728406,1.20330527188,1.81615871906,-380.595772671,-374.194956055
293,0,0,0.0250946673047,-77.164803434,-2.24083897102
294,2.418574365,1.98146286574,2.92249101504,-485.597815129,-454.172473066
295,0.552831018704,0.377126004334,0.77695366045,-145.076579925,-138.715649708
296,0.631427603144,0.472489171554,0.82448691852,-206.667586461,-200.603852449
297,0.505834520551,0.365291642573,0.67947035329,-237.055772942,-225.404859957
298,0.409452084114,0.279096921402,0.576116247195,-180.493664389,-164.588248036
299,0.31770603769,0.204424802622,0.467309131722,-157.470903731,-135.187029878
300,0.407008206755,0.28301295135,0.563385737968,-240.914353808,-222.962806308
301,0.0319751222522,0.00795071896033,0.0830256885327,-104.876805855,-26.7829406604
302,0.0191400234697,0.0031807933291,0.0591410406897,-114.315605822,-21.3899655103
303,0.0523542155145,0.00870258110678,0.161795346279,-50.590371685,-20.550089541
304,0.213452999412,0.130979200727,0.325375110608,-144.075491889,-105.02882128
305,4.92807235627,3.9620025298,6.1862940322,-859.132861683,-742.486584413
306,2.8834293888,2.35758783536,3.4903942707,-557.762044408,-515.286024614
307,1.34878487779,1.09590937413,1.64168946791,-420.831773956,-416.94110947
308,2.1229528026,1.78916899362,2.5023115538,-639.933740761,-607.819190147
309,0.127464139682,0.0581718719352,0.237782832487,-88.2159559479,-50.8864728664
310,1.5906228122,1.31847470027,1.90151073854,-470.508762083,-459.622188184
311,0,0,0.0502214281551,-40.6364076163,-2.66532775231
312,0,0,0.0225726919933,-86.9253860715,-2.92131527954
313,0.0230338090335,0.00382644400705,0.0712358556724,-91.4845286676,-16.9542925745
314,0,0,0.0183191049955,-106.287536138,-3.12288449734
315,0,0,0.0187194489057,-104.600830647,-3.32855401705
316,0,0,0.0257789929746,-75.4258061974,-2.83117919101
317,0.0230111117663,0.00382266879325,0.0711692610342,-91.7334165768,-17.1317050629
318,0,0,0.0305501086998,-64.2738231759,-2.62227287347
319,0,0,0.0207852707242,-94.0993213444,-3.09431648146
320,0,0,0.0203868144965,-94.4568227829,-2.74829088554
321,0.672257400582,0.472198626088,0.923209645159,-159.822691291,-156.730449205
322,0,0,0.0198579600642,-98.9173186418,-3.35285896304
323,0,0,0.0210515814594,-91.4598660625,-2.79727195753
324,0,0,0.0284591571227,-69.3411823426,-2.8824724854
325,0,0,0.0187194489057,-104.600830647,-3.32855401705
326,0,0,0.0225726919933,-86.9253860715,-2.92131527954
327,0.0178117802986,0.00101647092626,0.0784863305578,-61.8613151431,-11.4461675432
328,0.022997140945,0.0038203507461,0.0711259634352,-91.3526287207,-16.7003365118
329,0.107305572478,0.0426162070503,0.217743699708,-74.0838071705,-38.129425359
330,0.0221179571609,0.00126237805819,0.0974161558017,-53.2939550878,-13.0812390653
331,0,0,0.0421831484313,-48.3895090185,-3.07782111092
332,4.44418179054,3.74897014946,5.2779680384,-874.230310309,-748.64532744
333,2.14338339636,1.70045028261,2.65659912543,-445.8483416,-428.231837073
334,0,0,0.0180933442786,-107.362310784,-2.92867926689
335,0.0311389772753,0.00774560337521,0.0807962735824,-107.890365577,-26.0743876541
336,1.23499853663,0.981029511719,1.53150933297,-314.0526615,-312.429016609
337,0.128350883657,0.0665255718741,0.220489335927,-115.534449235,-65.5996246047
338,0.210734280477,0.127415477405,0.324833641946,-124.342309661,-86.7183631103
339,1.35085690059,1.10999996437,1.62692724374,-405.131994982,-400.758630696
340,0.162289592507,0.0867291420982,0.272995858529,-111.868863273,-73.1097531044
341,0.0229990462064,0.0038206769141,0.0711313959955,-90.6905409224,-16.033609429
342,0.229820223447,0.122885069684,0.386169316076,-101.695445535,-79.5326652176
343,2.50815687987,2.08840972915,2.99496662423,-625.318817331,-583.880846731
344,1.1143350339,0.851295289722,1.42836017974,-241.105632109,-240.779396503
345,0.19326180974,0.113246731089,0.304440111892,-144.200201161,-104.410107937
346,0.429103648165,0.312651399276,0.57195413242,-211.278087648,-191.052036565
347,2.69143234754,2.28302962627,3.15712645289,-715.00501992,-657.250345636
348,3.68572539318,3.08315349397,4.38339882057,-879.524079586,-787.022162659
349,0,0,0.0198579600642,-98.9173186418,-3.35285896304
350,0,0,0.0421831484313,-48.3895090185,-3.07782111092
351,1.01833790655,0.811419718444,1.25911826659,-319.371371785,-319.358267455
352,0.671867033019,0.471662648207,0.922393742147,-170.820782558,-167.713100047
353,0,0,0.0187194489057,-104.600830647,-3.32855401705
354,0.0570272800178,0.022654542936,0.115664801798,-128.160880424,-47.7033472502
355,0.011500162027,0.000656192575277,0.0506998113339,-89.0321051459,-10.3719743441
356,0,0,0.0180933442786,-107.362310784,-2.92867926689
357,0.0230190951786,0.00382399411226,0.071190664803,-91.6415765173,-17.0675277572
358,0,0,0.0180933442786,-107.362310784,-2.92867926689
359,0,0,0.0502214281551,-40.6364076163,-2.66532775231
360,0,0,0.0342046967676,-58.803279925,-3.34960941416
361,0,0,0.0252020913409,-79.2093227437,-3.58463144217
362,0.924219230344,0.732273982236,1.14832543913,-333.156268048,-332.913947309
363,0.166252315767,0.0991156164222,0.258646647263,-165.732066861,-112.141773835
364,0,0,0.0203868144965,-94.4568227829,-2.74829088554
365,0.0262107462962,0.00435492929095,0.0810306535621,-84.8378309729,-19.3798075903
366,0.0261324806544,0.00149135463061,0.115139460303,-43.7343968607,-10.3886256401
367,0.0262309477305,0.00435827119165,0.0810935527521,-84.0872773074,-18.6925901484
368,0.649466521821,0.48197521462,0.852494246263,-284.237896236,-279.133186529
369,0.878140948417,0.666923741728,1.13172495614,-362.154200959,-361.669348555
370,0.431288151601,0.29043502487,0.612258886558,-190.850319429,-177.710705172
371,1.59555738096,1.27185647657,1.9746574926,-351.606823642,-343.961729989
372,0,0,0.0203868144965,-94.4568227829,-2.74829088554
373,0.289896389594,0.175361182376,0.446565999431,-120.949722472,-99.7678151389
374,0.25765043792,0.158126733074,0.392656414243,-146.956090549,-118.901581308
375,0.179726881259,0.0899731657782,0.315776585138,-85.8892375763,-57.8932071375
376,0,0,0.0225726919933,-86.9253860715,-2.92131527954
377,0.276052123831,0.164381011768,0.430150684287,-113.984099894,-91.9315205935
378,0.0654822455055,0.0234613889022,0.14096299159,-91.7727445084,-35.4954412493
379,0,0,0.0257789929746,-75.4258061974,-2.83117919101
380,0,0,0.0502214281551,-40.6364076163,-2.66532775231
381,2.4707631744,2.04860457113,2.95704406052,-523.291276547,-485.662162045
382,0.129046060051,0.0689898138171,0.216941896922,-126.019702185,-71.5468338987
383,0,0,0.0342046967676,-58.803279925,-3.34960941416
384,2.42049181533,2.02381522666,2.87557583124,-508.615192778,-469.038373262
385,0.633704322349,0.459602693842,0.848032659454,-196.481799144,-191.505350421
386,1.79361298448,1.47201738207,2.16418037456,-485.848126625,-470.694212053
387,0.287657682004,0.149200122768,0.493507873261,-75.7101399587,-62.333157977
388,3.19706864988,2.67140168451,3.80257383341,-639.911875234,-575.515596898
389,4.27418937151,3.61364482778,5.05598948852,-804.188948705,-697.334180104
390,0.815689502958,0.620587735432,1.04991728732,-281.009280507,-279.777147861
391,0.0261390522815,0.00149172832355,0.115169072821,-45.001524744,-11.666956919
392,1.75041288674,1.42502159746,2.12691148007,-405.476020791,-392.541517507
393,1.88734383042,1.52893223241,2.30257684578,-502.073510024,-486.55485257
394,1.17053511012,0.938501150283,1.44156409555,-298.729001633,-297.736230411
395,0,0,0.0257789929746,-75.4258061974,-2.83117919101
396,4.62961118071,3.90863834204,5.49114844974,-882.401620009,-751.05453056
397,0.0374840319247,0.00623035634193,0.115867284959,-63.6402564889,-19.5003816749
398,0.0130937257263,0.000747192582496,0.057705483606,-82.2854093569,-12.8550180531
399,0.112300354076,0.0402620947634,0.241475502315,-72.2593042361,-43.7901367297
400,0,0,0.0284591571227,-69.3411823426,-2.8824724854
401,0.0640008169282,0.0198591731735,0.148929135659,-78.5744559565,-32.1736084688
402,0.00942785276941,0.000538065686607,0.0415316665094,-109.775102021,-11.0940293635
403,0,0,0.0359190169587,-56.0545367308,-3.25586187032
404,0,0,0.0359190169587,-56.0545367308,-3.25586187032
405,0.289761097414,0.145173824702,0.508479693377,-80.4657042139,-68.3820765916
406,1.15241536786,0.898505681138,1.45328846606,-347.574261098,-346.93089623
407,0.291393185632,0.189314276505,0.425551061617,-155.13337181,-127.55362128
408,0.130588518884,0.0467984233321,0.281016939686,-60.8719314734,-37.9905201322
409,0.170117159359,0.0996974424631,0.267932205885,-158.212563181,-109.34172031
410,0.0788216423149,0.03600156344,0.146850530521,-132.49181138,-60.4880620766
411,3.13096631541,2.61215482323,3.71867960218,-606.80340254,-548.513053586
412,0.593327733757,0.404797077377,0.833721014253,-164.572730844,-159.756506116
413,0.0731703699635,0.0314247418676,0.14163140118,-122.342537614,-53.0166431199
414,0,0,0.0203868144965,-94.4568227829,-2.74829088554
415,1.23954007885,0.999823825773,1.51775549071,-313.809491523,-311.891863051
416,0.0392639309468,0.00976301031514,0.101953281939,-86.1617124743,-23.9973808662
417,0,0,0.0207852707242,-94.0993213444,-3.09431648146
418,1.27240886476,1.03731156794,1.54220704001,-367.451497421,-364.809387877
419,0,0,0.0284591571227,-69.3411823426,-2.8824724854
420,0.0130817914185,0.000746510794912,0.0576529283742,-80.8590112235,-11.365013247
421,1.29123804503,1.01734216083,1.61422882224,-366.357319312,-364.159365734
422,0,0,0.0284591571227,-69.3411823426,-2.8824724854
423,2.12041284858,1.73865485448,2.56115673751,-493.68156375,-469.830766688
424,0.932782740544,0.704118542156,1.20871008184,-236.860674867,-236.730083826
425,0,0,0.0550387788025,-38.6923341549,-3.87759802237
426,0.626193080878,0.460576814592,0.828762542432,-236.333856053,-230.634535094
427,1.4286950318,1.17161978898,1.72323623792,-445.692110925,-439.754846868
428,1.45318361097,1.15509936703,1.80239436331,-319.479845193,-314.59164438
429,1.28072209439,1.02969536965,1.57028105655,-393.394998527,-390.941434825
430,2.03913060488,1.70856940835,2.41483274447,-578.580583008,-551.53696914
431,2.03896297585,1.0947034315,3.57121430486,-52.8366976474,-50.3692910538
432,2.29104499108,1.93585289765,2.69456183983,-693.215857611,-653.6661562
433,0.373684237521,0.229481713879,0.569015329708,-142.116520151,-129.199389461
434,2.87167486494,2.44245351086,3.36173015667,-721.07166688,-654.592394854
435,0.807658510182,0.570822749632,1.10322198527,-173.473034487,-172.601321971
436,0.917516831288,0.723918681101,1.14435952525,-354.286714731,-354.007150522
437,0.906909211609,0.725500079733,1.11736526662,-357.286047956,-356.879484988
438,3.70922662686,3.09049344726,4.4159206515,-645.840369269,-571.404082775
439,0.188240419413,0.112209362966,0.292908678963,-144.286859856,-100.318791744
440,0.0283553048062,0.00705285657138,0.0735830528052,-114.459146651,-24.0075272072
441,1.1660756727,0.907320618656,1.47288059281,-317.716717255,-316.97628748
442,1.74951071329,1.45881149676,2.08045870812,-482.868222593,-466.447768179
443,0,0,0.0305501086998,-64.2738231759,-2.62227287347
444,0,0,0.0284591571227,-69.3411823426,-2.8824724854
445,0.119491319041,0.0598295029408,0.209818899778,-112.856741595,-61.2634579297
446,0,0,0.0252020913409,-79.2093227437,-3.58463144217
447,1.19665133892,0.960748972004,1.47182588365,-559.802879152,-558.504511121
448,0,0,0.0183191049955,-106.287536138,-3.12288449734
449,0,0,0.0225726919933,-86.9253860715,-2.92131527954
450,0,0,0.0180933442786,-107.362310784,-2.92867926689
451,0,0,0.0502214281551,-40.6364076163,-2.66532775231
452,0.258693074378,0.12425744751,0.4666515491,-75.6125783143,-62.05118416
453,0,0,0.0180933442786,-107.362310784,-2.92867926689
454,0,0,0.0305501086998,-64.2738231759,-2.62227287347
455,0.204008772486,0.1216188966,0.317407366652,-139.126945692,-100.538446779
456,1.46876781604,1.1877556111,1.79658352673,-442.421696057,-436.4008898
457,0.0191333973494,0.00317969562065,0.0591176080601,-112.060564393,-19.0975262183
458,0.0269583533438,0.00447854983822,0.0833690871394,-82.9285244181,-19.8051130072
459,2.66369944734,2.16431589113,3.24318336961,-617.152906831,-582.115103029
460,1.48113570101,1.16389833107,1.85373402116,-283.10149199,-278.229741975
461,0.00975064814418,0.000556499312963,0.0429501278845,-107.375048062,-11.7836770539
462,0,0,0.0187194489057,-104.600830647,-3.32855401705
463,0.21234487314,0.130309859486,0.323649327743,-130.713991371,-91.2663274876
464,3.48504946245,2.94116475831,4.11693364237,-750.282745836,-665.622492083
465,0,0,0.0284591571227,-69.3411823426,-2.8824724854
466,0,0,0.0225726919933,-86.9253860715,-2.92131527954
467,3.50569674139,2.87633079475,4.22479369925,-527.577601206,-470.301740882
468,1.42711507055,1.16190222192,1.73438798023,-347.176608759,-341.654383862
469,0,0,0.0203868144965,-94.4568227829,-2.74829088554
470,0.0130843302439,0.000746655842395,0.0576641165008,-80.6982472257,-11.2178959176
471,1.0493392467,0.836290715651,1.29708011718,-423.906768434,-423.815375744
472,0.159987212045,0.0855328792111,0.268969072171,-118.802776942,-78.9523100553
473,0.131740373032,0.0659338752895,0.231558671934,-109.758901152,-65.382013553
474,1.92168965487,1.59305394315,2.29706358321,-477.022771291,-456.490638826
475,2.3238288787,1.94728409743,2.75388474031,-722.262440905,-685.278634399
476,0,0,0.0502214281551,-40.6364076163,-2.66532775231
477,1.23880453118,0.969389465403,1.55440064184,-419.96871658,-418.489160435
478,0,0,0.0225726919933,-86.9253860715,-2.92131527954
479,0,0,0.0183191049955,-106.287536138,-3.12288449734
480,0,0,0.0180933442786,-107.362310784,-2.92867926689
481,0,0,0.0305501086998,-64.2738231759,-2.62227287347
482,0,0,0.0252020913409,-79.2093227437,-3.58463144217
483,0,0,0.0225726919933,-86.9253860715,-2.92131527954
484,0,0,0.0187194489057,-104.600830647,-3.32855401705
485,0.621115123293,0.456694842125,0.822106506291,-221.088536436,-215.179433162
486,0.227965158184,0.128148646324,0.370042178354,-114.275371396,-88.2853433779
487,0,0,0.0257789929746,-75.4258061974,-2.83117919101
488,0,0,0.0203868144965,-94.4568227829,-2.74829088554
489,0,0,0.0250946673047,-77.164803434,-2.24083897102
490,1.42008691043,1.13916695896,1.74980891397,-375.606869526,-370.905499095
491,0.052805413066,0.0163811035127,0.122850548405,-89.5675890098,-31.046957454
492,0,0,0.0305501086998,-64.2738231759,-2.62227287347
493,0,0,0.0421831484313,-48.3895090185,-3.07782111092
494,0.0471034185383,0.0146172871025,0.109511017907,-98.5743622063,-30.8921951963
495,0.13977617293,0.0699499748407,0.24571850265,-111.227272476,-70.5557061614
496,0.220115681945,0.114221486159,0.377368398389,-113.686034417,-91.5851559066
497,0.0188725626446,0.00313634793219,0.0583109133552,-112.651761605,-18.3081406988
498,0,0,0.0250946673047,-77.164803434,-2.24083897102
499,0.029630454546,0.00492348578801,0.0915825103972,-74.5720327575,-17.1115584845
500,0.0230389442973,0.00382729692481,0.071251723792,-91.3302970442,-16.8169313138
501,0.0261450461038,0.00434400799101,0.080823930322,-83.3765350528,-17.7411500402
502,0,0,0.0284591571227,-69.3411823426,-2.8824724854
503,0.0295139152706,0.00734150312826,0.0765783358802,-114.559646382,-27.6959181815
504,0,0,0.0225726919933,-86.9253860715,-2.92131527954
505,0,0,0.0183191049955,-106.287536138,-3.12288449734
506,1.09341672916,0.840816222171,1.39481557708,-256.829299692,-256.595601701
507,4.60271569896,3.93469427473,5.35531770624,-712.578043611,-581.491847819
508,0.915695041943,0.687809659865,1.1914940598,-229.253015222,-229.049393974
509,0.0675811202166,0.0290212957276,0.13082720207,-130.31698878,-54.0792275968
510,1.79180828466,1.50382751489,2.11814989529,-530.521891945,-511.479041836
511,0.0214443066334,0.00356304599761,0.0662930616795,-103.065110158,-21.8089399466
512,1.19253656841,0.972619661135,1.44517185708,-397.648437519,-396.203533334
513,3.80975363728,3.13397970152,4.58410027854,-589.958980603,-524.180139983
514,1.9119289529,1.57982034063,2.29390980227,-544.568366258,-524.827030666
515,1.2567768428,0.998521861701,1.55777770072,-550.381902369,-548.484955281
516,2.34478852736,1.96474525943,2.77667847987,-558.032608257,-520.647178961
517,2.73436182565,2.28590706554,3.2552967102,-703.896190394,-652.582488387
518,1.39882457938,1.13674496504,1.70162463588,-327.658048673,-322.810785389
519,0,0,0.0257789929746,-75.4258061974,-2.83117919101
520,0.178656909432,0.0816121658591,0.332781191394,-84.7797568535,-61.9168615887
521,0.289422507745,0.144963147298,0.507943658866,-80.8927592377,-68.7895434415
522,2.41010818986,1.93373954717,2.96822580284,-371.461896895,-345.612609358
523,0,0,0.0502214281551,-40.6364076163,-2.66532775231
524,0.0188857662212,0.00313853788101,0.0583517402228,-111.537779063,-17.26748135
525,2.00929930974,1.61641875132,2.46518617932,-481.135561136,-463.89820215
526,0.530817896278,0.357077064521,0.754136137629,-159.610359001,-152.714587071
527,0.409449771082,0.287307442671,0.562764530836,-184.15793655,-165.754203984
528,0,0,0.0203868144965,-94.4568227829,-2.74829088554
529,4.41738928358,3.74895287038,5.18702059184,-867.571135679,-747.130903314
530,0,0,0.0305501086998,-64.2738231759,-2.62227287347
531,0,0,0.0225726919933,-86.9253860715,-2.92131527954
532,3.77222789525,3.23566857562,4.37519660064,-828.224779843,-720.923291978
533,2.44881406451,2.05737918984,2.89607050793,-535.420789643,-492.707679663
534,1.0117683457,0.771198291575,1.30045579605,-244.497067076,-244.493216459
535,1.43896971621,1.15390844936,1.77060606871,-424.085325,-419.079281467
536,4.17817299902,3.57290275359,4.87571320834,-850.778487671,-731.787601541
537,1.68489050942,1.391768441,2.0206009311,-448.317078862,-435.248923902
538,0.132240092798,0.0661843721992,0.232434650022,-111.240515793,-67.0962470007
539,1.87506166957,1.4483655085,2.38114795083,-330.191560862,-319.999776195
540,3.20961417842,2.68917075984,3.81897047638,-740.023403436,-670.101604598
541,1.53711480831,1.23474143466,1.88774618383,-486.911584411,-479.955621119
542,0.189705646164,0.110983178949,0.29951941468,-132.739158384,-92.8706376416
543,2.25420814441,1.89460334956,2.66545508952,-631.182070005,-595.033124469
544,0,0,0.0203868144965,-94.4568227829,-2.74829088554
545,0.86008487295,0.672470784062,1.0818220539,-252.287742831,-251.477331391
546,0.300408754885,0.200349283219,0.429865413591,-181.259608936,-152.044727157
547,2.93350230994,2.46715213912,3.47521184663,-704.033769716,-641.478631481
548,2.74532215464,2.2477219471,3.32617169963,-621.009332218,-580.384119607
549,0,0,0.0502214281551,-40.6364076163,-2.66532775231
550,0,0,0.0502214281551,-40.6364076163,-2.66532775231
551,0.020722411028,0.00344391588247,0.064019240118,-104.267592395,-18.6466850193
552,1.08206805314,0.849127269838,1.3567208915,-334.65785474,-334.444531164
553,0.888745982707,0.698955924929,1.11154468987,-337.073410981,-336.556922705
554,0,0,0.0250946673047,-77.164803434,-2.24083897102
555,0.18792587906,0.109952101765,0.296671105978,-128.182121949,-87.6426770083
556,1.10872033733,0.885582731982,1.36932156736,-372.572052602,-372.152618377
557,2.80367270964,2.35253024827,3.32298913184,-664.52391527,-609.597818094
558,0,0,0.0502214281551,-40.6364076163,-2.66532775231
559,1.57446527677,1.27926293176,1.91805133378,-384.967373732,-376.350953757
560,0.043959484987,0.00730824935712,0.135803232873,-54.4634406741,-17.4306740743
561,0,0,0.0207852707242,-94.0993213444,-3.09431648146
562,1.52372144178,1.24863873069,1.83849724268,-405.116142283,-397.070015312
563,0.35949119134,0.233720690381,0.524441705924,-139.022925478,-121.241880068
564,0.270198437356,0.173718508515,0.397852146319,-142.615879513,-112.127340827
565,0,0,0.0203868144965,-94.4568227829,-2.74829088554
566,0.0859722330429,0.039240801493,0.160348525252,-119.423879519,-56.1299499689
567,0.241354671936,0.146027503218,0.371687574921,-142.661476101,-112.61107408
568,0.157836842683,0.0843843796465,0.26533060395,-115.846071123,-75.1629993265
569,0.0262006489705,0.0043532426459,0.0809995339653,-83.9944552422,-18.5122298293
570,0.845199164605,0.636406192244,1.09652541893,-244.536920829,-243.759193359
571,1.83623918536,1.51733286505,2.20111787323,-553.272911781,-535.886355431
572,0,0,0.0183191049955,-106.287536138,-3.12288449734
573,0.0526236705046,0.0163308065483,0.122431207823,-92.0970884351,-33.3673833653
574,0.710671690471,0.521858059069,0.942760757783,-237.141319967,-234.277830756
575,0.093372324906,0.0426001435793,0.174270844826,-109.375128135,-53.0327978228
576,0,0,0.0257789929746,-75.4258061974,-2.83117919101
577,0.312206399939,0.214675793073,0.43582265624,-202.155986396,-170.518859289
578,1.32189804663,0.976911306225,1.74182259765,-258.472574848,-256.825334402
579,3.6620212565,3.11632164159,4.28153095987,-741.160895766,-644.527620186
580,1.66263194399,1.38244306195,1.98029761995,-479.538388686,-466.311240938
581,6.62357333627,5.39820869199,7.92398404986,-901.04860957,-748.343910491
582,1.71254188277,1.41248804041,2.05867665867,-395.633277023,-381.880551724
583,1.45014893555,1.17667305392,1.76882828207,-345.348784918,-339.510705144
584,0,0,0.0502214281551,-40.6364076163,-2.66532775231
585,0.303487594727,0.200775863396,0.43699512883,-174.557397542,-146.970096187
586,0,0,0.0187194489057,-104.600830647,-3.32855401705
587,1.16498053346,0.938615279722,1.42687436679,-396.959921802,-395.982131995
588,0.985834899835,0.739592054062,1.28287322957,-222.333482652,-222.328282777
589,2.22605366505,1.84101482355,2.66640288817,-542.228467327,-513.304203117
590,4.13088101769,3.44351910844,4.93579273474,-770.464181311,-678.46560805
591,7.29869663173,1.26752274242,10000,-12.8288755188,-10.3912751598
592,2.12034711869,0.309778258488,10000,-10.1598558386,-9.79823031733
593,4.31566421026,0.669889966426,10000,-11.5648768785,-10.2817149289
594,0,0,10000,-2.83117919101,-2.83117919101
595,2.67201868005,2.24148568048,3.17077647833,-615.022548838,-564.259536919
596,4.06157603991,3.43180781821,4.80845703043,-876.242181719,-762.828269273
597,6.44820748162,0.222146458339,10000,-6.30760918077,-5.6532371138
598,6.4482088359,0.222146458486,10000,-6.30760918077,-5.6532371138
599,0,0,10000,-2.79727195753,-2.79727195753
600,0,0,10000,-2.66532775231,-2.66532775231
601,0,0,10000,-3.32855401705,-3.32855401705
602,1.59186298706,1.30790174314,1.91950538662,-447.133754446,-437.105234221
603,0,0,10000,-2.74829088554,-2.74829088554
604,0,0,10000,-2.74829088554,-2.74829088554
605,0,0,10000,-2.83117919101,-2.83117919101
606,0,0,10000,-3.09431648146,-3.09431648146
607,3.10337758936,2.62313456089,3.65638015735,-675.473526368,-604.517641131
608,4.70864418726,3.96984231307,5.55528651107,-782.700133083,-665.474365549
609,1.73231099263,1.4170309114,2.09808803678,-421.498280651,-408.326508362
610,2.13797380467,1.78144146308,2.54906913881,-533.461103161,-504.449096419
611,1.61165638559,1.32747738144,1.93867697348,-394.779367252,-383.980769884
612,0.195958779553,0.104737325748,0.329566021101,-123.033720596,-94.1653032708
613,2.34144204459,1.97307491846,2.75952472057,-595.481078706,-555.648955729
614,0.634751953214,0.478197736141,0.823570945303,-202.92560108,-196.699777024
615,0.285761120328,0.179809647664,0.427584324031,-128.485056544,-103.28468166
616,0.0097547704451,0.000556734502062,0.0429683089488,-106.945249126,-11.3972873616
617,3.20088235326,2.73073258979,3.73766668312,-760.03043994,-676.720592804
618,3.69140512325,3.10310094013,4.38221768893,-787.403111658,-697.588426415
619,0,0,0.0210515814594,-91.4598660625,-2.79727195753
620,0.430921436693,0.287488389777,0.616332861423,-210.152932241,-197.550607792
621,4.58015894466,3.85745667771,5.44385328399,-862.68341941,-736.932128557
622,2.98499632039,2.54334353905,3.48976188244,-751.544963768,-677.93194189
623,0,0,0.0183191049955,-106.287536138,-3.12288449734
624,1.78334083531,1.46058298885,2.15804762384,-430.122451554,-415.424715672
625,2.51505689532,2.10569538248,2.9881342079,-605.588807214,-561.385917304
626,1.61050278692,1.33083613948,1.92959217608,-413.613304776,-402.565746133
627,0.128503031646,0.0586446223393,0.239730209969,-88.6114768893,-51.7226509746
628,3.32402396843,2.81522877302,3.91373499309,-775.61795137,-692.595386173
629,2.79651410859,2.35972739436,3.29241703742,-621.878763887,-565.106693124
630,1.2546672099,0.979896344408,1.57944139482,-285.139484972,-283.511421165
631,1.39375744525,1.12335807923,1.70708949803,-338.32293559,-333.922218773
632,1.61942306391,1.31223410268,1.9763496988,-469.147784106,-459.767243009
633,1.93876673265,1.60123073957,2.32706244437,-564.571381435,-544.210259218
634,0,0,0.0284591571227,-69.3411823426,-2.8824724854
635,1.07369849293,0.844383828086,1.34375233828,-323.745212768,-323.568531383
636,3.00609566107,2.53259196749,3.55429485029,-735.710994315,-669.547111543
637,3.85775672208,3.24333334659,4.59036736907,-802.11313674,-703.280104241
638,3.17544110548,2.6550055922,3.7858615779,-734.021433135,-667.12805129
639,0.978787390123,0.76816756382,1.22779054725,-448.341975068,-448.325766737
640,3.37108195163,2.88752849966,3.92400172187,-793.559008677,-698.134778271
641,3.61924833542,3.03843485116,4.30209037451,-777.657525894,-691.75735257
642,1.25973868909,0.99751177198,1.56726285238,-414.487247737,-412.605011847
643,0.0479516973759,0.01192188731,0.124530891268,-76.8874940137,-27.5766933316
644,5.0926235315,4.22154623481,6.12889167821,-856.99760674,-717.999776133
645,2.16148022535,1.76986055794,2.61655947133,-587.9934013,-563.186174534
646,1.01027499254,0.769715823053,1.29900910987,-244.440232063,-244.437298624
647,0.689020585009,0.519889919696,0.892449618419,-277.999383905,-273.862143355
648,5.15031628452,4.39695273663,6.03499025851,-925.638307233,-760.854164715
649,1.65211012043,1.34036906544,2.01432499565,-515.391511238,-505.146924931
650,0.381432623211,0.256304522561,0.542669462281,-192.375300583,-174.604501786
651,6.21610884887,2.21961764929,10000,-32.8557103387,-27.0859951069
652,5.45274701186,4.21570392545,7.16496824058,-425.850459379,-353.056874439
653,3.92788328482,3.11852325793,4.94738749261,-419.134532374,-362.413373458
654,6.65748443183,5.24601849554,8.38931045214,-428.328842878,-340.087534256
655,7.57194466006,5.59494802448,10.3378352925,-425.588409317,-338.124610994
656,7.1866543698,4.56297352237,11.1562995299,-158.014380759,-128.218053215
657,5.38176588376,3.41719534692,8.20736345923,-111.815530097,-91.4910593636
658,5.89285163455,3.71062118571,14.7455876916,-163.12529379,-133.594279847
659,4.81314250416,0.843178034587,10000,-11.8395887711,-10.2643751605
660,2.91274172032,0.368867980258,10000,-8.41679091514,-7.86193051678
661,1.60605087347,0.0865724912331,10000,-8.66334392325,-8.5758498219
662,3.36199214759,2.73104260438,4.11758886704,-455.425474015,-402.19706998
663,6.51136038567,4.69912398411,8.93307485591,-238.021597419,-190.515516891
664,7.9729711514,5.87853637355,10.7184875191,-323.228224561,-254.415144122
665,5.56598436827,4.10340455364,7.44758030504,-254.045307994,-208.400440746
666,2.14328491127,1.47727224765,3.00783615835,-176.272345629,-169.007989409
667,3.0592530111,2.27161971217,4.04908306553,-212.179739063,-189.813584067
668,3.4412949229,1.38813951033,10000,-35.7159938809,-32.1746915385
669,5.88532262096,2.00889730542,10000,-33.22206106,-27.8716706283
670,1.83165287952,0.540632786339,6.56786315751,-21.2818939389,-20.7403121694
671,1.08377349175,0.174215931235,3.89553808446,-10.8651513229,-10.8593592872
672,23.5573780621,1.97627889811,10000,-17.8929360121,-14.0157850332
673,1.28434873628,0.960680004139,1.67888311115,-223.424406108,-221.982422487
674,0,0,10000,-2.81043004211,-2.81043004211
675,0,0,10000,-2.92867926689,-2.92867926689
676,0,0,10000,-3.32855401705,-3.32855401705
677,0,0,10000,-2.92867926689,-2.92867926689
678,0,0,10000,-2.92867926689,-2.92867926689
679,0,0,10000,-2.81043004211,-2.81043004211
680,0,0,10000,-3.32855401705,-3.32855401705
681,0,0,10000,-2.92867926689,-2.92867926689
682,0,0,10000,-2.74829088554,-2.74829088554
683,0,0,10000,-3.07782111092,-3.07782111092
684,0,0,10000,-2.83117919101,-2.83117919101
685,0,0,10000,-2.92867926689,-2.92867926689
686,0,0,10000,-2.92131527954,-2.92131527954
687,4.4740652793,0.219920698318,10000,-6.92666097311,-6.32730381669
688,788.14919852,0.550255600765,10000,-7.05645394303,-5.73910930899
689,0,0,2.08797936306,-4.34078620003,-3.32855401705
690,788.14919852,0.460924833966,10000,-6.68852124466,-5.54358815301
691,788.14919852,1.01965008628,10000,-10.1204731695,-8.16783571654
692,1.53490530198,1.03257415661,2.1819801171,-159.335132263,-157.112936467
693,0,0,2.53321187234,-3.43940990212,-2.66532775231
694,788.14919852,0.455514547687,10000,-14.1577898019,-13.1496438217
695,1.56654018603,0.246521377853,6.41936008466,-8.8563367045,-8.69939465173
696,788.14919852,1.88753655392,10000,-15.7548772874,-12.4025623616
697,2.21903883816,1.72582234089,2.82290337577,-326.105749917,-308.941390822
698,1.02560803526,0.057477876069,10000,-7.91358977247,-7.913310453
699,3.18848178914,2.59906678785,3.86868099206,-539.452746748,-491.602589799
700,0.00979911684688,0.000559269393131,0.0431626356898,-108.469176026,-13.3130626344
701,0.112291134185,0.0481893937515,0.217615596687,-85.7079689821,-46.6556540336
702,0.207586280487,0.113994779749,0.342658541007,-107.582174225,-79.1885390127
703,2.28199998064,1.89726441997,2.72698517686,-588.882547974,-555.685569101
704,0.750190082279,0.543523573996,1.00528656641,-244.483167072,-242.634244773
705,0.518040936464,0.369063102497,0.703701739276,-215.766883722,-205.799997883
706,0.939943473606,0.741225071012,1.17357175605,-270.457831957,-270.315240098
707,3.14263549462,2.66082106834,3.69738730383,-652.097570729,-578.730116651
708,0.0393946870575,0.0097955067395,0.10228790189,-90.9675461015,-29.0379726761
709,0.191111034458,0.107552444513,0.309916241099,-131.199686061,-95.9045878283
710,0.429959936898,0.289157808172,0.611041935057,-165.255808196,-152.075385037
711,2.4777488944,2.04837814982,2.97499969699,-633.120188916,-596.300117971
712,1.93285615323,1.59823038725,2.31483510985,-506.439355978,-486.190613952
713,0.106594495577,0.0486542266815,0.198806829807,-117.94595067,-70.1092099091
714,0.572733433824,0.423553430837,0.75407370663,-225.642666247,-216.956743052
715,1.76273427595,1.43072346656,2.14572644387,-438.567272258,-425.566703873
716,0,0,0.0502214281551,-40.6364076163,-2.66532775231
717,0,0,0.0203868144965,-94.4568227829,-2.74829088554
718,0.187700505251,0.109816790804,0.296327804569,-135.644616671,-95.0507429594
719,0.0473982374056,0.0169890956902,0.101958621061,-119.592720989,-35.9387578849
720,2.41377236754,1.98125125106,2.91349799484,-611.333235886,-579.272420004
721,0,0,0.0250946673047,-77.164803434,-2.24083897102
722,2.18665791121,1.7999466675,2.63152008769,-499.168754786,-472.565315732
723,0.0536495507839,0.0192215050226,0.115501431824,-112.799447536,-41.4971582795
724,1.58192555266,1.30157942344,1.90306754818,-504.452339383,-494.593276175
725,1.2546157875,1.00983071503,1.54229440715,-411.436256655,-409.3448277
726,3.9315107258,3.31191941303,4.63527134334,-688.114330262,-597.02568374
727,0.464392452009,0.276952539209,0.722207957992,-125.158473813,-118.636316915
728,0.0459651111524,0.0114290784986,0.119237751809,-80.9984818898,-28.4470289304
729,1.20825063981,0.963289148907,1.49261310814,-367.183021809,-365.82850027
730,2.52345853455,2.13653313917,2.96333574127,-692.823029354,-643.218809649
731,0.590825520481,0.428002346331,0.791897303777,-240.256891611,-233.562868903
732,3.31947352585,2.81427357845,3.90267931989,-824.112276219,-741.19304711
733,0.591070858742,0.433646343241,0.783941453345,-240.498373399,-233.294800623
734,1.19106305255,0.939449290791,1.48592422192,-316.743379736,-315.680551339
735,1.62516429252,1.34678537276,1.94278633559,-479.078819338,-467.261229976
736,1.1521327576,0.91597113441,1.42954727422,-355.318822878,-354.568876075
737,0.621115123293,0.475568938381,0.794258597463,-306.242798613,-298.477532471
738,0.0261414414388,0.00149186401492,0.115178856489,-45.3235167634,-11.9904170646
739,0.190604230982,0.113502803745,0.296993334533,-133.958107853,-91.6504300896
740,0.035649299137,0.00592558108298,0.110189341438,-64.2672826689,-17.5066984899
741,2.24092256739,1.87011300854,2.66934385952,-653.184359985,-619.914146523
742,4.95499015109,4.02778846152,5.9164148367,-901.850154341,-774.773225208
743,0.506741514014,0.367074200404,0.678149523278,-250.215755253,-238.353487943
744,4.49212852294,3.780932761,5.33061123499,-832.425240264,-715.607882566
745,4.86520577599,3.99724506281,5.87164930911,-721.602909494,-620.116787946
746,788.14919852,2.16875140002,10000,-11.4033952355,-8.17007311118
747,2.05848859212,0.113469791578,10000,-6.22767845567,-6.03103731613
748,1.99363902145,1.12706281091,3.30145655412,-64.8695832301,-62.1425643423
749,4.94309040039,1.00082601279,10000,-14.0848877608,-12.1623704732
750,2.22775037645,1.16660510949,4.07533466546,-71.3957869749,-68.537807052
751,3.51049621559,2.46272917479,5.02719093121,-184.344675643,-163.321674682
752,3.69361421629,0.986103520432,10000,-20.6255288555,-18.7460228241
753,3.75718220759,3.08566426469,4.55322145708,-583.303104606,-513.06535325
754,0,0,7.04146638491,-3.00569843755,-2.66532775231
755,0,0,2.43343277494,-3.83932183821,-2.92867926689
756,8.35840249805,0.394122193138,10000,-6.42436052553,-5.36048752207
757,6.12823090075,0.213453252528,10000,-6.55412765766,-5.91187635609
758,788.14919852,0.956071281039,10000,-7.33741142685,-5.46259970984
759,788.14919852,0.464436298144,10000,-11.3665899578,-10.6075039166
760,2.22058288919,0.297040413255,10000,-12.6169471761,-12.2829593381
761,3.91875471855,3.29811168702,4.63994351075,-737.709731327,-641.225710632
762,4.25039938412,3.53872251918,5.12524882647,-795.489487177,-691.181939255
763,104.873599264,2.05152282727,10000,-30.3678512875,-25.4260912441
764,4.78597153587,3.21773501158,8.68908429399,-198.201643923,-168.005287126
765,3.94700952756,1.17779771579,12.9218514498,-20.2294357577,-17.8030854126
766,1.70390624357,0.409179360889,5.15598675815,-16.0628908557,-15.7294248345
767,4.66463718642,1.4764785536,10000,-23.8046052998,-20.5658718612
768,4.45798095603,3.80830693099,5.2209782126,-927.932662771,-787.393791914
769,3.76071225651,3.1459721787,4.4687066805,-733.021234384,-643.793594898
770,4.50605911623,3.82172884042,5.31796627783,-858.990941184,-723.860240854
771,4.05825208512,3.46874041718,4.73937546226,-836.223299164,-714.3207282
772,2.23818481499,1.85632379076,2.68227716752,-578.163828882,-546.969007796
773,3.65900879137,3.11111085482,4.28129530869,-765.025458622,-670.396157915
774,3.68399176564,3.12396817377,4.3399948485,-791.018151556,-690.192296051
775,2.82221823548,2.34280566461,3.37580983089,-622.601741911,-573.806949181
776,2.46887894715,2.0697266385,2.92815417294,-618.465219579,-575.554368579
777,2.7381149302,2.30079644613,3.237588562,-583.544938515,-530.936908632
778,3.56384266558,3.02220089752,4.19382679699,-776.909073667,-682.62468625
779,0.0750614758222,0.0232956699977,0.174599072641,-69.5507300088,-31.2183875495
780,2.31303756296,1.911768099,2.77887378075,-609.420899455,-577.346528751
781,1.73077934363,1.43120311242,2.07537195209,-526.172929512,-511.566662526
782,6.12520505433,5.05936919986,7.58514739399,-985.233262692,-810.189880207
783,0.785076875679,0.606518511308,0.997560771925,-290.580748436,-288.618999709
784,0,0,0.0502214281551,-40.6364076163,-2.66532775231
785,0.0905327325019,0.035956582193,0.183694916264,-94.7211851537,-49.6634168475
786,0.412286541226,0.275084965627,0.589597563055,-167.975654736,-153.77089256
787,0.0219662123963,0.00125369409193,0.0967540486403,-51.4868452119,-11.0031880911
788,0,0,0.0284591571227,-69.3411823426,-2.8824724854
789,0.372184550198,0.255080872816,0.521599010697,-165.472147611,-144.919681109
790,1.41290557102,1.13053101851,1.7419624659,-347.499109924,-343.042408655
791,1.35160563859,1.0999451914,1.64235143881,-334.66654776,-330.666543833
792,0.0791827097017,0.031441387445,0.16072947174,-100.293996776,-47.1359306766
793,0,0,0.0207852707242,-94.0993213444,-3.09431648146
794,0.190545252776,0.115415635957,0.29298567076,-148.807794749,-102.979461554
795,0,0,0.0502214281551,-40.6364076163,-2.66532775231
796,0,0,0.0183191049955,-106.287536138,-3.12288449734
797,0,0,0.0257789929746,-75.4258061974,-2.83117919101
798,0,0,0.0502214281551,-40.6364076163,-2.66532775231
799,0,0,0.0252020913409,-79.2093227437,-3.58463144217
800,0,0,0.0257789929746,-75.4258061974,-2.83117919101
801,0,0,0.0284591571227,-69.3411823426,-2.8824724854
802,0,0,0.0502214281551,-40.6364076163,-2.66532775231
803,1.49986869786,1.22103069483,1.82204352314,-480.624121532,-473.563580478
804,0,0,0.0207852707242,-94.0993213444,-3.09431648146
805,0.0219707625826,0.0036502465976,0.0679324381966,-96.5154171545,-17.6398415132
806,1.01073499574,0.798592277984,1.26019939059,-263.380017267,-263.375807228
807,0.497667788067,0.352899562546,0.678560736998,-201.796463235,-190.703810585
808,0.587885107845,0.437204190124,0.770159340242,-231.255988844,-223.138650433
809,1.5446199785,1.25049039526,1.89015929565,-412.236582385,-404.6188348
810,1.32732266742,1.03058164317,1.67832983165,-255.065174938,-252.683725659
811,0.092078830399,0.0395211196171,0.178402240029,-100.245588609,-49.2889455002
812,0,0,0.0257789929746,-75.4258061974,-2.83117919101
813,1.59007112585,1.26855687806,1.96619887384,-373.251947458,-365.674065181
814,0,0,0.0502214281551,-40.6364076163,-2.66532775231
815,0.190753952684,0.0954862775063,0.335189801269,-99.72064778,-74.3084351983
816,0.0821575610456,0.032615486184,0.16683031182,-100.667637582,-50.1748557774
817,0.0219597724844,0.00364843094814,0.0678947027338,-95.1378034482,-16.2046459402
818,0.112144563216,0.0511962445098,0.209114780313,-113.950516019,-69.2684902763
819,1.71322877471,1.41254738109,2.05923183545,-406.863595376,-393.188375593
820,0.31572641677,0.168914482969,0.530360121086,-89.4415294775,-77.4011111241
821,0.462543795983,0.291552796447,0.690489818207,-127.872918545,-119.743704244
822,0.111565257093,0.0478782238245,0.216206382219,-85.5100187446,-46.106760683
823,0,0,0.0359190169587,-56.0545367308,-3.25586187032
824,0.605486765234,0.459260181043,0.780886656916,-327.425655606,-319.315381825
825,0,0,0.0225726919933,-86.9253860715,-2.92131527954
826,0.0439474221832,0.00730625485678,0.135765536651,-55.1631116596,-18.1169401989
827,2.14144107075,1.78270775258,2.55570370206,-571.202489074,-542.134589793
828,0,0,0.0203868144965,-94.4568227829,-2.74829088554
829,2.15278390786,1.79367222219,2.56664056735,-566.609082306,-536.931396961
830,0.0261653083337,0.00434739562235,0.0808908342602,-84.4203170293,-18.8436461749
831,2.27832373871,1.89843214144,2.71107049118,-535.027119612,-502.005418242
832,0.275028708525,0.183723773235,0.392728444127,-204.74618394,-169.10495972
833,0.0261503134388,0.00434488007704,0.0808402517003,-83.8595198459,-18.2396266005
834,1.18724640813,0.954919561126,1.45778777554,-352.053876989,-350.845286867
835,0.60406586517,0.45343706658,0.786182605252,-222.988467735,-215.390101828
836,1.15612582931,0.930738141873,1.41596480077,-455.709246259,-454.830085953
837,0.0404857103952,0.0100650635823,0.105164622531,-86.4158223418,-26.7135119558
838,0.0440860319792,0.0136748902809,0.102583482192,-108.773938296,-36.9341593643
839,0.0793822355479,0.0315406497625,0.160957886057,-101.445584882,-47.5667924934
840,1.67903403304,1.38709688196,2.01431006838,-405.537276546,-392.560063951
841,1.40205327642,1.13647905386,1.71070732027,-375.55244107,-370.744831496
842,0.130717849108,0.0468453955324,0.281275227689,-57.0850457774,-34.2321128264
843,1.29412933664,1.04573256205,1.58307410785,-397.47495973,-394.697496456
844,0.0854575419092,0.0410365465431,0.154221822573,-141.078993527,-68.3808563776
845,0.0569500767163,0.0226240057544,0.115507075591,-121.875494314,-41.2697191528
846,0.0318458981411,0.00529083874811,0.0984685392506,-71.8848081431,-19.1608798814
847,0.0261953515753,0.00435239184905,0.0809802643091,-84.2564490728,-18.7624797188
848,0.287246760141,0.180824260008,0.429561945299,-155.964069382,-130.891576876
849,0.0784006029445,0.019496565105,0.203493316114,-50.5943993741,-23.2167611292
850,0,0,0.0252020913409,-79.2093227437,-3.58463144217
851,2.39793629242,1.95644305777,2.91298690187,-649.987302391,-620.028117657
852,0.083050780423,0.035664452884,0.160773992343,-114.914121204,-55.9791129213
853,0.0480742290911,0.0119465674272,0.124854479786,-77.1935769277,-28.0264862344
854,0.948845226583,0.742896980298,1.19227373629,-299.421947965,-299.325518172
855,0,0,0.0421831484313,-48.3895090185,-3.07782111092
856,2.13534948233,1.7774016022,2.54629696971,-615.790054466,-587.258304804
857,1.18648749033,0.916240987448,1.50838955315,-290.263316493,-289.401554108
858,4.76661279675,4.02366939901,5.62182047857,-840.75296466,-718.097270933
859,2.53870734834,2.13869653611,2.99851095313,-638.520818821,-590.245526201
860,1.32976483378,1.07618510187,1.62481187736,-434.038648499,-430.621061872
861,0.015899864169,0.00090729066131,0.070081886704,-67.2944247738,-10.7605023148
862,2.81104601342,2.36893445433,3.31776058084,-687.728132904,-630.180344858
863,2.59290832812,2.19123426039,3.04998265608,-672.347548011,-621.399229605
864,4.24046685437,3.5305965587,5.07833014204,-800.203711517,-704.232127202
865,0.865819685289,0.598040271991,1.20505629765,-187.70905003,-187.366150885
866,0.502090770118,0.344575944083,0.702210466242,-199.619295371,-190.462947685
867,2.13324747323,1.77079930712,2.55154810883,-597.654113889,-569.85309765
868,0.0807199002178,0.0320431055778,0.163924623689,-89.7916872633,-38.2085920402
869,0.309420421531,0.20451177415,0.44606226359,-155.207726374,-129.014265661
870,1.31838117143,1.07724121385,1.59496209965,-394.050159357,-390.532083705
871,1.40720811816,1.14512345798,1.71224031407,-345.758097467,-340.662767982
872,1.39944018036,1.14148922339,1.69724317686,-359.330658588,-354.29101452
873,1.08727500249,0.86722020211,1.34478208014,-345.610469518,-345.336741098
874,0,0,0.0502214281551,-40.6364076163,-2.66532775231
875,0,0,0.0502214281551,-40.6364076163,-2.66532775231
876,0.0219643048854,0.00364917882634,0.06790908739,-96.3315255057,-17.4259166149
877,0.16514348833,0.0928534259102,0.268141442903,-120.768329811,-76.9894795817
878,0,0,0.0421831484313,-48.3895090185,-3.07782111092
879,3.2897477082,2.73091668867,3.92806780522,-556.190528924,-495.767006639
880,1.44647875986,1.18327423726,1.74849512151,-542.809754235,-536.633598821
881,0,0,0.0257789929746,-75.4258061974,-2.83117919101
882,2.46885020949,2.02747708396,2.97499562075,-504.148717863,-470.838824714
883,3.56649288536,3.02061053312,4.19407469983,-731.201945267,-641.336584549
884,7.33498227552,6.03169399228,8.87311851606,-952.232761532,-781.930447213
885,0.0965554261166,0.0383345511468,0.196037882398,-84.8205114916,-43.7149003582
886,4.75662073218,4.04601838262,5.5610627963,-822.171647125,-695.685652576
887,2.92033821963,2.47788390413,3.42727416677,-659.04966225,-591.611581439
888,2.12270311484,1.74062191109,2.56548688281,-613.522962059,-589.508834433
889,0.106622430749,0.0330864322648,0.247902531422,-62.6395708209,-38.2638365264
890,0.710525383104,0.532133620494,0.926734343146,-253.433208734,-250.177314233
891,2.60317576549,2.17984410583,3.09032264685,-637.895033457,-591.086474013
892,0.820193670669,0.618017247317,1.06415881839,-297.34879873,-296.256793473
893,1.22199076485,0.985185235785,1.49770922474,-302.352455015,-300.68195501
894,0.669625741324,0.47047482541,0.919910423972,-158.633340536,-155.480025119
895,4.33589631892,3.59787803385,5.17303628236,-651.256538051,-570.031323762
896,0,0,0.0421831484313,-48.3895090185,-3.07782111092
897,0,0,0.0502214281551,-40.6364076163,-2.66532775231
898,0.106153374454,0.0509740534897,0.191572916669,-111.842346734,-57.149384685
899,1.71658037028,1.39241502114,2.09362440831,-559.151351619,-547.426168638
900,0.334138904297,0.224335838581,0.47584635571,-155.302917442,-131.439904948
901,2.58203180655,2.14945976719,3.09264738871,-601.487049579,-557.777920836
902,3.20713108184,2.69318096057,3.81446321635,-722.669458943,-650.876034384
903,0.730362062604,0.549005545185,0.949406061057,-262.949494957,-260.147033095
904,0.0659412896066,0.0236255297441,0.14196245322,-99.4613637792,-43.6819484487
905,6.76926594345,5.59333226319,8.23130767832,-983.237736625,-804.411867594
906,4.55580102147,3.86729684148,5.34763843163,-820.453264799,-692.764933674
907,2.31187845206,1.90765629173,2.77684034118,-449.066608089,-418.070741267
908,1.41349580285,1.12030243703,1.7576623291,-327.160700775,-323.038467989
909,3.97909523426,3.36659579359,4.69813225654,-834.562539415,-725.785511214
910,4.26582594873,3.62962492997,5.00643542435,-876.829997703,-752.818821218
911,0.934200355171,0.703480318417,1.2128358817,-236.568569214,-236.44552414
912,9.51714823129,7.39665520422,12.8239416105,-1089.69661217,-846.48962072
913,5.25686891096,4.4311360507,6.25966973766,-909.103253933,-751.295217532
914,5.12621559676,4.343478781,6.03168927585,-817.650334224,-676.444702098
915,3.45059053775,0.461512438401,10000,-10.9466603697,-10.1235970018
916,1.06813312167,0.760009864241,1.45394840716,-225.795875317,-225.7176619
917,4.44030767322,3.6143888925,5.40201902827,-524.154850256,-451.247069147
918,4.75876309819,4.01331358637,5.60804154797,-679.093892572,-566.691612409
919,3.37100791604,2.72062788435,4.16552207308,-496.696142143,-444.413895527
920,12.1162567355,7.64843903749,22.6649310626,-591.155532657,-467.960829691
921,5.73794635398,4.39175633688,7.68669896076,-449.213645136,-373.73685267
922,3.84079736564,2.89539571181,5.10571650726,-318.714356461,-281.030479782
923,3.51236074954,2.60863148609,4.70230695089,-259.302501771,-230.451820796
924,3.04555236842,2.0374193593,4.4905539965,-152.058213732,-139.089054506
925,3.63888131663,2.30423376091,5.7633954697,-127.201678886,-113.437980635
926,7.71174033671,4.51420967496,13.0123287871,-112.998423029,-90.8285394575
927,9.34634565276,2.92798206957,26.9602914201,-72.4657167411,-61.0064426202
928,5.22787229274,2.27978254144,10000,-52.481210189,-44.7252879242
929,6.31144978773,2.86191491795,14.5954064803,-46.8485346915,-37.8902984935
930,4.33799252855,1.77562903774,9.54151632034,-35.0935328722,-30.3956468329
931,2.34878262479,0.885650098932,5.85141597267,-23.8014497431,-22.2900675719
932,5.44258441377,1.89260535811,14.1077183655,-25.6513678188,-21.3900646718
933,7.70632293944,2.78030002336,10000,-30.9381398467,-23.9975757686
934,7.60974571289,2.03079641079,10000,-27.2962300269,-22.7134364021
935,3.76138658819,0.736161698664,10000,-18.6133471294,-17.3947554713
936,2.21200431312,0.474895441583,10000,-14.9168794461,-14.3518937016
937,2.66622035323,0.426803972601,10.0931828078,-10.7060198328,-10.03077947
938,4.98150274535,1.09340934097,10000,-15.3161033821,-13.1651119116
939,3.83700058852,0.772363006287,10000,-12.1565271421,-10.7673756905
940,9.92686887421,1.10031105123,10000,-13.4568806672,-11.3470055041
941,1.86255904624,0.301008057501,10000,-9.02550441193,-8.72850323564
942,38.8277090729,0.706040839778,10000,-9.15422579638,-7.70343594284
943,2.36740484844,0.123775120704,10000,-7.31807308402,-7.06505716518
944,3.90505234491,0.159560323636,10000,-5.20506106642,-4.77308673719
945,5.17603214721,0.146785109414,10000,-6.40470445868,-5.99354584798
946,7.56002808294,0.356476819956,10000,-6.33805350276,-5.36048752207
947,11.8665375707,0.670046692606,10000,-7.22364035075,-5.73069078561
948,7.80046794528,0.29744291959,10000,-6.65531130827,-5.79444198999
949,5.86607542269,0.253234252974,10000,-6.12710633902,-5.38884767802
950,0,0,10000,-2.24083897102,-2.24083897102
951,0,0,10000,-3.07782111092,-3.07782111092
952,0,0,10000,-3.07782111092,-3.07782111092
953,0,0,10000,-2.62227287347,-2.62227287347
954,0,0,10000,-3.07782111092,-3.07782111092
955,0,0,10000,-2.66532775231,-2.66532775231
956,0,0,10000,-2.24083897102,-2.24083897102
957,0,0,10000,-2.8824724854,-2.8824724854
958,0,0,10000,-2.92867926689,-2.92867926689
959,0,0,10000,-2.79727195753,-2.79727195753
960,0,0,10000,-4.15813317706,-4.15813317706
961,0,0,10000,-3.25586187032,-3.25586187032
962,0,0,10000,-3.12288449734,-3.12288449734
963,0,0,10000,-3.87759802237,-3.87759802237
964,0,0,10000,-2.81043004211,-2.81043004211
965,0,0,10000,-2.66532775231,-2.66532775231
966,0,0,10000,-4.15813317706,-4.15813317706
967,0,0,10000,-2.24083897102,-2.24083897102
968,0,0,10000,-2.24083897102,-2.24083897102
969,0,0,10000,-2.79727195753,-2.79727195753
970,0,0,10000,-3.07782111092,-3.07782111092
971,0,0,10000,-2.79727195753,-2.79727195753
972,0,0,10000,-3.34960941416,-3.34960941416
973,0,0,10000,-2.24083897102,-2.24083897102
974,0,0,10000,-3.58463144217,-3.58463144217
975,0,0,10000,-3.07782111092,-3.07782111092
976,0,0,10000,-2.79727195753,-2.79727195753
977,0,0,10000,-2.92867926689,-2.92867926689
978,0,0,10000,-2.24083897102,-2.24083897102
979,0,0,10000,-3.07782111092,-3.07782111092
980,0,0,10000,-2.62227287347,-2.62227287347
981,0,0,10000,-3.34960941416,-3.34960941416
982,0,0,10000,-2.92867926689,-2.92867926689
983,0,0,10000,-2.8824724854,-2.8824724854
984,0,0,10000,-3.07782111092,-3.07782111092
985,0,0,10000,-2.24083897102,-2.24083897102
986,0,0,10000,-2.92131527954,-2.92131527954
987,0,0,10000,-2.66532775231,-2.66532775231
988,0,0,10000,-2.81043004211,-2.81043004211
989,0,0,10000,-2.92867926689,-2.92867926689
990,0,0,10000,-2.24083897102,-2.24083897102
991,0,0,10000,-2.66532775231,-2.66532775231
992,0,0,10000,-2.92131527954,-2.92131527954