site,MLE,Lower,Upper,LogL_global,LogL_local
1,0,0,10000,-3.73051976,-3.73051976
2,0,0,10000,-2.93528080002,-2.93528080002
3,0,0,10000,-3.1619484124,-3.1619484124
4,0,0,10000,-2.68535441005,-2.68535441005
5,0,0,10000,-3.09048826768,-3.09048826768
6,0,0,10000,-4.18700930487,-4.18700930487
7,0,0,10000,-2.68535441005,-2.68535441005
8,0,0,10000,-3.73051976,-3.73051976
9,0,0,10000,-3.1619484124,-3.1619484124
10,0,0,10000,-2.55675468815,-2.55675468815
11,4.65889014843,0.25805983818,28.664126242,-8.10090277064,-7.17431752167
12,0,0,15.2808451396,-3.33218413803,-3.20599117887
13,0,0,9.40371061915,-2.87990514122,-2.68489387767
14,6.58794391752,0.328219597613,10000,-12.6392548192,-11.5440518028
15,0,0,8.34225330479,-3.3754251263,-3.1619484124
16,17.7384000581,0.929889325196,133.853697539,-8.25767562828,-6.34434119087
17,0,0,8.94174840367,-3.13894914203,-2.93528080002
18,0,0,14.858200507,-2.51268820527,-2.37627677465
19,0,0,10000,-2.93528080002,-2.93528080002
20,6.73724324128,0.372752234726,10000,-7.28090712121,-6.12361062099
21,0,0,3.83397455184,-3.34615373556,-2.93528080002
22,0,0,0.141147010437,-6.16912164158,-3.73051976
23,1.8484407186,1.00100710993,3.11889311099,-82.3507008384,-80.3530770944
24,2.9300532787,1.74135652299,4.62921381989,-117.166562725,-115.679087969
25,2.98756331718,1.92622290083,4.42473221265,-137.729157476,-136.151738416
26,6.36576973697,3.9784562525,9.74071168803,-163.648538521,-155.925348349
27,14.0285633025,0.789688402328,303.449866303,-9.10642860786,-7.34015259351
28,0.768225809675,0.367162150988,1.39638639942,-55.3358305921,-53.9457314215
29,28.3623187047,3.22878771671,175.146533346,-9.67456252596,-6.35813951226
30,1.70875590851,0.981022472612,2.78350854489,-99.5943286168,-97.131900024
31,6.11720338648,3.90642711748,9.1247814551,-141.529018361,-133.95186756
32,0.682236452671,0.340196461758,1.20702784652,-64.5528163998,-62.9637930673
33,1.85840544824,1.12313686244,2.87718492856,-124.615262076,-122.185811729
34,0.241189643722,0.0598786462407,0.62834501572,-25.6315816257,-24.2385704796
35,0.3509489374,0.108305893426,0.825680501469,-25.4399021068,-24.1695621669
36,0,0,0.310326324362,-4.80956774968,-3.09048826768
37,0.963089597323,0.408456864695,1.90753774587,-50.6075586761,-49.3244520152
38,1.3579875789,0.699978441331,2.35578318765,-68.4655611397,-66.5213908654
39,1.02212299237,0.529263504822,1.75880944817,-65.2747601874,-63.8628998719
40,0.500529874612,0.214651943565,0.971616808855,-44.0613362883,-42.6254458031
41,0.0806476208354,0.00459388879647,0.357789667247,-12.4285986362,-11.1615968299
42,0,0,0.121228984443,-5.60988586599,-2.98662030827
43,1.43748876768,0.741097056639,2.49007082283,-65.0038691589,-62.9548015282
44,0.325957596048,0.100796840159,0.763234277639,-30.8035947439,-29.4913442559
45,0.203131547332,0.0115837960625,0.897432313332,-13.2521276659,-12.3600059728
46,0,0,0.228912577659,-5.17073618547,-3.20599117887
47,3.56691229174,2.18064851803,5.54388340073,-130.728563956,-128.5438961
48,0.486452709326,0.173655365314,1.05309837594,-43.2321638355,-41.9696216017
49,0,0,0.228912577659,-5.17073618547,-3.20599117887
50,0.867560191892,0.429034080697,1.55082710895,-63.9195255781,-62.5774575537
51,1.26579980141,0.712665399775,2.05735019442,-81.0448154175,-79.0867687422
52,1.13224194905,0.651039924043,1.81348688845,-92.330668768,-90.6836056077
53,1.44281456506,0.620404291131,2.79377360371,-43.8610653714,-42.241271164
54,0,0,0.209513685525,-4.41883712337,-2.37627677465
55,3.90399103673,2.67912691291,5.49002618494,-186.410879748,-182.86618664
56,0.49520983334,0.195925614873,1.01181318801,-41.7697824645,-40.4223401115
57,0.164644079608,0.0273181849894,0.511214075064,-17.3466314909,-16.0223329399
58,1.21171092796,0.601221588247,2.16044077689,-59.4363172268,-57.7923434268
59,5.29663968057,3.76726598988,7.30093614745,-224.745823624,-215.737296559
60,0.594450366463,0.270491067545,1.11627966638,-52.0992513884,-50.5808416353
61,0,0,0.228912577659,-5.17073618547,-3.20599117887
62,1.07110015434,0.458798512747,2.08275590107,-55.5824241633,-54.2180486519
63,0.367747224672,0.131456327272,0.79522616085,-38.1450898489,-36.8304379226
64,1.1854378132,0.642647824846,1.99969080372,-79.0656866743,-77.3658561205
65,0,0,10000,-2.55675468815,-2.55675468815
66,4.07528895521,0.209403296459,10000,-5.71794910798,-4.9011519132
67,10.3069123971,0.553704809906,10000,-8.35934300187,-6.88756024486
68,18.8051804893,0.610372345359,10000,-7.64308475023,-6.07132238125
69,0,0,7.59220694815,-2.96415312874,-2.68535441005
70,4.9190529062,0.266646635001,44.9031603068,-6.27557964901,-5.32557588323
71,0,0,10.1820255747,-3.4081012467,-3.20599117887
72,72.0920799166,3.78137159093,10000,-8.57277854872,-5.35341814572
73,0,0,67.8467428465,-2.9648117819,-2.93528080002
74,0,0,63.3874015897,-3.19298490563,-3.1619484124
75,0,0,196.488450028,-2.5671113085,-2.55675468815
76,0.597992724774,0.255657273017,1.16859311709,-42.0293861128,-40.6177024411
77,44.7629939262,2.41108310814,312.975885558,-7.96957616261,-5.17959834428
78,0.3568787014,0.11043127786,0.834532042126,-28.3636909719,-27.0973186013
79,1.99394840874,1.22965341487,3.04971723655,-117.196230853,-115.085252848
80,0.641714488804,0.276322982456,1.24062438636,-39.130812959,-37.736646432
81,1.10737438262,0.62377824309,1.80284118872,-89.7697513602,-88.1933481409
82,0.619172373077,0.264068685839,1.21293263878,-50.2608852848,-48.8689025853
83,582.941605839,2.38478228166,10000,-8.36672304868,-5.49954482175
84,0,0,10000,-2.68535441005,-2.68535441005
85,1.32854707758,0.753926813311,2.16511718401,-91.8924925303,-89.7550314901
86,0.75553144588,0.360364755712,1.37874997087,-62.7918689283,-61.3907317285
87,0.589824048244,0.210203190804,1.28358269588,-40.6995075114,-39.4907446945
88,1.21199614538,0.692380976515,1.95497278449,-92.3167738822,-90.4783792118
89,0.765940418818,0.326457665951,1.50289124868,-54.253765326,-52.9738932659
90,0.471764048627,0.145790895992,1.10675603544,-24.8087760506,-23.6393638362
91,3.08974227397,2.05569189547,4.45617216665,-159.714692378,-157.985878487
92,1.20875964732,0.673313579673,1.99070570919,-81.244906463,-79.4558508038
93,1.61146352018,0.944564117085,2.55097178052,-103.139437596,-100.368301723
94,0.24100402732,0.040005430389,0.747491803369,-24.2980606716,-23.1444076032
95,1.20856422387,0.704077476233,1.92199244155,-91.7766012899,-89.9146650667
96,0.224540548335,0.0372414044481,0.697988054499,-15.8973696219,-14.7112052507
97,1.75768759278,1.07974090817,2.69007425109,-103.5480542,-100.708966637
98,0.371373525857,0.118791821387,0.843093777112,-28.3978572562,-27.1272076852
99,0,0,0.310326324362,-4.80956774968,-3.09048826768
100,3.36907749876,2.17282347517,5.02525606145,-173.814663822,-171.761273755
101,0.520074899964,0.204942648671,1.07048256768,-48.7920149539,-47.4562618789
102,0.923378298176,0.490743067557,1.56764209486,-76.8579607255,-75.4968459382
103,0,0,0.154125034761,-5.02724491761,-2.68535441005
104,1.09749251627,0.566439461951,1.89872877048,-68.0353485821,-66.5309990742
105,0.616411895008,0.263617658217,1.20175588047,-52.8591389876,-51.457961431
106,0.169772381634,0.0282040015369,0.52550080958,-19.4730672741,-18.1576965857
107,0.294639992145,0.0910958328843,0.690206312804,-28.581534572,-27.1988383155
108,0.358622237049,0.0890160233029,0.934563872133,-25.2128370025,-24.0545293472
109,0.860889766996,0.443373704263,1.49503231654,-69.8372494366,-68.4716251818
110,0.622864135545,0.266456304903,1.21349629877,-57.2468618602,-55.8499444776
111,1.01426281885,0.483294203306,1.8553163577,-53.90194774,-52.5296433765
112,0,0,0.155363012907,-5.43146947144,-3.09859727092
113,0.240116140674,0.039869303175,0.744171578734,-17.9112619364,-16.7553903187
114,0.476433596667,0.188216070329,0.974506322697,-46.499294142,-45.1549062239
115,0.311091448098,0.0962858279874,0.727226528059,-34.4109108447,-33.0677604221
116,0.515670531139,0.203480183375,1.05829885352,-36.2528729423,-34.9127918352
117,1.18677030827,0.587988430732,2.12196320338,-74.0086230803,-72.4052204466
118,0.240053775178,0.0398593299476,0.743986041128,-14.2980602798,-13.1420497936
119,0.289507231719,0.0895213634415,0.677995949412,-28.0342237485,-26.6367822642
120,0.987276312063,0.473031718395,1.78822292343,-66.1174932502,-64.762494781
121,0.514322791978,0.203888010943,1.04730313321,-42.9884273222,-41.6378002328
122,1.69830534566,0.907326575421,2.88347076438,-69.673623401,-67.5077110709
123,1.37127897562,0.704725680323,2.38748463288,-69.1800948688,-67.2279444207
124,1.45986666869,0.831795601796,2.36912979871,-89.4068739379,-86.9434242385
125,2.67240541678,1.55930759713,4.29558370553,-92.8098831046,-91.4217109716
126,0.695216669328,0.316600458581,1.30378878641,-46.1974013418,-44.783684956
127,0,0,10000,-3.09048826768,-3.09048826768
128,0,0,10000,-2.68489387767,-2.68489387767
129,0,0,10000,-2.51292451348,-2.51292451348
130,0,0,10000,-4.18700930487,-4.18700930487
131,0,0,10000,-2.93528080002,-2.93528080002
132,2.57450734264,1.6514983777,3.83948928708,-127.619021054,-126.230117423
133,3.70471042506,2.48152086392,5.34750423653,-175.633260426,-172.7803586
134,3.10956645654,2.04583429343,4.52375292999,-130.423791582,-128.686725707
135,3.02303162169,1.9997604766,4.3970353996,-144.507408257,-142.869504252
136,0,0,12.0560360556,-2.85629864415,-2.7069163094
137,0,0,15.0083920479,-3.42041887046,-3.29878956153
138,1.68050504717,1.03986575422,2.5559764222,-114.427042228,-111.306079657
139,5.07217418007,0.774152637788,27.0701975355,-9.16718500458,-7.75655219438
140,17.4688733318,1.88364117314,198.355046442,-12.6971566158,-10.0815966601
141,0.46405487483,0.198751930009,0.902534954499,-47.5090665333,-46.0996862086
142,1.1944379428,0.664804003057,1.97101251401,-73.0769379798,-71.3238701087
143,0.266884481111,0.0827116523909,0.622550922376,-29.4183283961,-27.9415645016
144,1.50037138331,0.870095187095,2.39321500507,-104.936673091,-102.296076183
145,1.32967543629,0.770554479916,2.13142206116,-87.7934348142,-85.5850761069
146,1.64334331247,0.898588880958,2.7327947861,-79.7049031216,-77.3669534916
147,0,0,880.01614716,-3.30154720028,-3.29878956153
148,1.75303822233,1.02868725377,2.79011670456,-99.2801114593,-96.7518627444
149,0,0,0.390118827055,-4.10782936399,-2.55675468815
150,1.00464345224,0.552721544364,1.65791951493,-75.0078805636,-73.5958760619
151,0.418739122,0.149012597901,0.912678458224,-31.1528336109,-29.8737328994
152,0,0,0.310326324362,-4.80956774968,-3.09048826768
153,1.28774090617,0.661521582786,2.2436686572,-65.5382848868,-63.7190346446
154,0.0644297768196,0.00367662750222,0.283979900815,-12.0643004969,-10.7050495432
155,0.0675610299965,0.00385413408409,0.2981134092,-12.5457220921,-11.2069870739
156,0.228753961718,0.0567743484784,0.595944596704,-20.4759861596,-19.0432374742
157,0.996545536485,0.494178699807,1.77719006303,-55.8433956998,-54.469426944
158,0,0,0.390118827055,-4.10782936399,-2.55675468815
159,0.32727648053,0.10143645852,0.762821903796,-36.7402909131,-35.4278654812
160,1.85274746419,1.11482824778,2.87659508738,-145.559837564,-143.133674232
161,0.689878468536,0.313368152578,1.29787488847,-41.6949520623,-40.2788255446
162,0.540179698425,0.230771793491,1.05519978604,-36.5741036584,-35.1399161891
163,0.0677568203559,0.00386541420381,0.298948060092,-14.8729183184,-13.5353473162
164,0,0,0.390118827055,-4.10782936399,-2.55675468815
165,0.492298921464,0.194163843556,1.01448032421,-40.5340401805,-39.1958346056
166,0.460754691481,0.142729946974,1.07586881055,-37.9152298802,-36.7347587768
167,0,0,0.183929137386,-4.86975159704,-2.7069163094
168,0.603572140128,0.25844178589,1.17716282502,-44.6302112495,-43.2184851931
169,0.478161534562,0.189026942231,0.978691563742,-44.2349553515,-42.8904589942
170,0.342467027259,0.105894086836,0.802225597346,-24.3356484335,-23.0507459421
171,0.0670807527779,0.0038267501184,0.295989767452,-12.372516373,-11.0308074205
172,0,0,0.121228984443,-5.60988586599,-2.98662030827
173,0.420716717682,0.150019847362,0.913949844579,-29.1494120085,-27.8683161962
174,0.564308574666,0.201318145819,1.22478763013,-34.8224465372,-33.5978985567
175,0.30056487278,0.0931217338885,0.701524821675,-33.5202438373,-32.1511397487
176,0,0,0.142149632071,-5.11569551253,-2.68489387767
177,0,0,0.310326324362,-4.80956774968,-3.09048826768
178,0,0,0.390118827055,-4.10782936399,-2.55675468815
179,0,0,0.154840156639,-4.85030216413,-2.51292451348
180,0.119443468124,0.00681121661321,0.527772117678,-13.8347109525,-12.7190326039
181,0.602260307258,0.215356107988,1.30331061928,-31.2100824557,-30.0027898949
182,0.915918420215,0.455168588567,1.62860674213,-57.7447505067,-56.4063995874
183,0.734392071994,0.33321480216,1.38314239322,-59.7915771302,-58.4255117135
184,0.758588565527,0.361682531221,1.38525295889,-57.7237323021,-56.32676222
185,0.659404023784,0.259573876358,1.36063923737,-45.4511664021,-44.1883584807
186,0.626352788852,0.26575609359,1.23664285832,-48.9493253871,-47.5751759486
187,1.38965835112,0.796225313913,2.23084311933,-86.0733164794,-83.7261117128
188,0.988032167005,0.54073469993,1.64005472009,-66.8339855048,-65.4381011844
189,1.42136647831,0.608565942462,2.77152908628,-58.0825726054,-56.4816246851
190,156.048614982,11.7341809498,10000,-10.7627820472,-6.35271544927
191,1.69931146469,1.00097473424,2.69485077068,-99.2425930099,-96.5750373725
192,1.38768559405,0.800260153538,2.23792815522,-111.926304846,-109.575476684
193,0,0,22.7285879872,-3.38385811393,-3.29878956153
194,1.45301923597,0.839629747891,2.3346254502,-87.0519977829,-84.530771941
195,0.240718100084,0.0399578769862,0.746608486759,-25.0405169471,-23.8862993678
196,0.505806176864,0.200359801587,1.03140185984,-39.8667496387,-38.5170783922
197,1.69931146469,0.882445694643,2.97294429069,-69.7230235621,-67.6988159221
198,0.162119648157,0.0269317784927,0.501853773152,-20.6215318628,-19.2893239893
199,0.430616889939,0.153556959607,0.935441503025,-33.4705221017,-32.1928609704
200,0.163436302205,0.0270667190704,0.510046115129,-16.9346339675,-15.6116824468
201,0.0745410419638,0.00425133818271,0.329199224456,-14.9839730734,-13.6848612839
202,0,0,0.167818749346,-5.39055433812,-3.13748229128
203,0.714753743901,0.221775739985,1.6635846469,-31.3254486751,-30.2539649892
204,0,0,0.390118827055,-4.10782936399,-2.55675468815
205,0.201267734447,0.0114772881443,0.889267476649,-11.6823072058,-10.7863707147
206,0,0,0.183929137386,-4.86975159704,-2.7069163094
207,1.77283616573,1.04833570279,2.79146351773,-117.319416416,-114.771583808
208,0.394911577678,0.141047504845,0.855375476346,-34.5083882459,-33.2140007248
209,0.475414207911,0.147063627533,1.11398066776,-29.7186568052,-28.5503345055
210,0.24500942378,0.0607582441748,0.63990880137,-24.0581937521,-22.678684786
211,0.329522757844,0.101711067289,0.775560748161,-31.5010822916,-30.198102795
212,0.261977040075,0.0649919264569,0.68292339275,-23.5535395563,-22.2202257223
213,2.7284393014,1.72914441325,4.08522908688,-114.245976447,-112.841391522
214,0.452534928397,0.179016410606,0.925257699255,-40.5388414082,-39.1973287705
215,2.0731843475,1.28893949134,3.15483691901,-111.861639565,-109.92834012
216,5.20870141697,0.782808888569,28.6038867276,-9.39648443119,-7.96998681684
217,0.939252332136,0.452220773662,1.69578887146,-48.7822530703,-47.4505727668
218,0.331087574912,0.102144905417,0.778934742925,-28.6885701963,-27.3880682958
219,0.180348043874,0.0102903442014,0.795149014685,-11.4787766378,-10.5356185141
220,0.503599148248,0.194996527343,1.03558712918,-34.8709434359,-33.5376335577
221,0,0,0.183929137386,-4.86975159704,-2.7069163094
222,0.47117815276,0.186894307866,0.960032672033,-30.1276799008,-28.778500686
223,0.150921943142,0.025057695486,0.467856496832,-17.0529119077,-15.6996442536
224,0.276089628784,0.0684500554069,0.720672772301,-20.6910673189,-19.3935655549
225,0.142075290174,0.0235896703364,0.440408802728,-18.245536577,-16.8777648689
226,0.292078782471,0.090447534115,0.681787033015,-29.6193949668,-28.2274715743
227,0,0,0.135390286896,-5.4224407315,-2.93528080002
228,0.500194071723,0.197580550483,1.02499868435,-29.693442804,-28.3497235809
229,0.151902458592,0.0252168767523,0.471092257633,-20.501053379,-19.1499066273
230,0.164080524976,0.0271910301341,0.511093056998,-13.8861463505,-12.5631589281
231,1.03005146851,0.469309566554,1.9353111084,-58.3141127003,-56.9496114619
232,0.578360778227,0.246587949627,1.13231426365,-36.2543785366,-34.8357323307
233,0.813239566083,0.347236421965,1.59014243047,-54.750200483,-53.4860727507
234,1.25603337147,0.685287174686,2.09440338761,-107.53321908,-105.664719418
235,0.608952908333,0.260263829398,1.18832773121,-42.5737602317,-41.1684390646
236,0.0847782716391,0.00483666722778,0.373985786214,-13.6815572816,-12.4309629237
237,0,0,0.121072054448,-6.3552209026,-3.73051976
238,0,0,0.390118827055,-4.10782936399,-2.55675468815
239,1.71676528567,1.02822421016,2.68427997884,-141.299104593,-138.544682811
240,0.882819641026,0.470301507866,1.4925099851,-69.2911010019,-67.9217657506
241,1.38953014961,0.739162608332,2.35904358979,-63.5663183969,-61.4865406414
242,2.27369515167,1.42113348087,3.44989879495,-115.43795035,-113.852370202
243,0.593023212945,0.253230813643,1.15931250207,-42.6798134944,-41.2662196374
244,0.16260706992,0.0269387901302,0.506972219392,-18.8551304308,-17.5296787841
245,1.16193939476,0.575751656798,2.07515007014,-62.5187235702,-60.9510572095
246,1.12749929413,0.604601914244,1.89584434008,-65.6095298705,-64.031252818
247,0.364214863004,0.130283813203,0.786607684972,-32.9491547883,-31.6304372589
248,0.459141169775,0.181708110514,0.937796002149,-43.5459594436,-42.2021214542
249,1.38477627193,0.629923161904,2.60840790356,-61.8069567698,-60.1110369893
250,0.12017867956,0.0068528293673,0.531094503769,-11.8968264028,-10.7837411203
251,0.537903957802,0.136346758204,1.36592764862,-21.042712139,-20.0158644259
252,0.40042392424,0.142842192165,0.869529689425,-31.0624553895,-29.7726043755
253,0.682805569276,0.295723846775,1.31917394622,-48.8205285935,-47.4587640719
254,0.870809520955,0.372391907165,1.69827328129,-49.3373810986,-48.0766531502
255,1.17544521383,0.583596794467,2.09350302216,-61.6064718064,-60.0151849673
256,0.559847152957,0.225070175586,1.12238838999,-40.889746035,-39.5269606616
257,1.01833269766,0.462947206753,1.91271032842,-50.3056880318,-48.9511760952
258,1.96057726289,1.09553313843,3.22858571223,-94.1072339492,-92.2039888097
259,7.67192266878,0.401879891474,85.1232032036,-7.19579439542,-5.96330224038
260,0,0,2.18604945141,-3.56887087682,-2.93528080002
261,6.12806170703,0.76984273558,30.8690081224,-17.22319129,-15.9081344548
262,3.47626820759,1.25571355212,8.51066066364,-26.979987794,-25.4797313976
263,4.40241665047,1.66762549126,10.2715838403,-30.5041127691,-28.528145712
264,1.73866835157,1.01564794078,2.75646414484,-103.136526321,-100.570912836
265,2.48553442813,1.5945992019,3.69236597095,-123.805948858,-122.390818353
266,0.585628668978,0.266358488749,1.09940035453,-52.0273391513,-50.5035983143
267,1.30854502529,0.744336906211,2.12308460729,-77.5142073923,-75.4209463952
268,0.945123605163,0.486582678938,1.64218950111,-70.6625111322,-69.3056963642
269,1.46776433928,0.86122375251,2.32196564475,-88.8485158073,-86.1997935096
270,2.4402413919,1.57476859467,3.59272025505,-131.356388917,-129.914819861
271,2.04391416893,1.24010235807,3.16716434411,-111.5000446,-109.558508406
272,3.01980603705,1.76065607543,4.84994389263,-93.1346935714,-91.5983250923
273,0,0,10000,-3.29878956153,-3.29878956153
274,5.76646923722,0.855810984284,33.8060784458,-10.2678573006,-8.74065961572
275,0,0,9.36741868841,-4.37456138075,-4.18700930487
276,0,0,56.4271046085,-2.72888719631,-2.68489387767
277,0,0,46.0981055332,-3.21046503422,-3.1619484124
278,3.57787234982,0.199241089817,17.8958130051,-7.04048612541,-6.26007625699
279,0,0,24.4689347981,-2.65338989013,-2.55675468815
280,0.243392540099,0.0603986428561,0.633954785259,-22.1521272277,-20.7657552948
281,0.769863103013,0.383753149274,1.36240765235,-61.2009353646,-59.7672022657
282,0.338802725246,0.105006148187,0.792956165621,-26.9863532654,-25.6953762222
283,0.96600490254,0.515488138514,1.6292891625,-70.2872254019,-68.9118340011
284,0.16955390319,0.0281680896622,0.524785913584,-19.9270966704,-18.6111996047
285,0.42191534441,0.150136335701,0.919385492417,-35.7715274762,-34.4935399597
286,0.543077700391,0.193494936901,1.18153989756,-30.0117969438,-28.7787972589
287,0.372367033283,0.116292696914,0.860472283636,-31.4762232698,-30.2194986215
288,0.615974628171,0.219788221796,1.33650343177,-33.7575468187,-32.5601073126
289,0,0,0.229418701654,-5.26163704322,-3.29878956153
290,0.794613202742,0.4105729698,1.37192146537,-61.3656043651,-59.9299135625
291,1.17376456431,0.671407138335,1.88810358069,-78.2467953225,-76.5052065664
292,0.360077632163,0.0892060407674,0.942526284761,-25.2203748068,-24.0667529442
293,1.27490088395,0.683527059244,2.14171785358,-74.7566249309,-72.8732661005
294,1.47768534297,0.671412789949,2.78468461648,-50.2064793219,-48.4783780769
295,0.959217024531,0.49509908355,1.65804368702,-59.4609641118,-58.097665375
296,2.08912728543,1.11567537132,3.54884258476,-60.0025593505,-58.3651998759
297,0,0,1023.24949339,-2.517012749,-2.51292451348
298,8.49219304726,1.19342689244,58.4487185139,-10.5458848785,-8.59727150156
299,2.48449363139,0.137773272366,13.2632081998,-7.11422638116,-6.49483192765
300,10.0836476894,1.41993966859,81.7207218442,-11.0176390251,-8.83406506857
301,9.78145861094,1.73620343269,61.5062247967,-14.0427073828,-11.6280889266
302,1.14896328412,0.306046813464,3.14409411101,-16.6121530099,-15.6027222038
303,1.41140605846,0.603610018105,2.75983989955,-47.2324204951,-45.6396247669
304,0.933131780523,0.464819768379,1.65244467477,-64.8005280609,-63.4579941404
305,2.66206210506,1.52909262313,4.31535839215,-90.1485872705,-88.7624110036
306,1.39481343277,0.818746208123,2.22100125011,-85.5199786737,-83.0732905361
307,0.893684013222,0.382485778817,1.74079067165,-49.0248939841,-47.7604648323
308,0.229741105424,0.0570297590425,0.598609293102,-27.3284873277,-25.8991169021
309,0.511804683025,0.202244600931,1.04784393082,-42.7484141075,-41.4046142078
310,0.631431715455,0.287140837243,1.18510396006,-57.7500347375,-56.2636744533
311,0.681118158638,0.267732208729,1.40855184876,-38.7487358826,-37.5006383044
312,43.2540256079,2.52442474552,979.640044058,-8.99738274823,-6.13699894317
313,0,0,10.9000591505,-2.90551277127,-2.68535441005
314,48.8518564626,4.52481056626,1024.74758666,-14.2861101178,-10.220763454
315,0.897902959264,0.0423591743085,620.897471356,-8.32456255854,-8.01942190315
316,0,0,1.56853105329,-3.47557424951,-2.68535441005
317,1.05226678753,0.0453821576184,1390.41526147,-9.0050384632,-8.72620223268
318,22.4431866012,1.91685825906,1081.12216416,-10.8033893406,-8.15884183677
319,51.434958235,3.69361802098,995.882446928,-9.36345929569,-6.03211668676
320,0,0,10.9000591505,-2.90551277127,-2.68535441005
321,35.6932834406,1.77457294484,645.463396406,-8.03362946844,-5.5340650797
322,16.5077141017,0.857828676194,585.580435292,-7.98505298195,-6.15796892888
323,2.44926015914,1.30517141139,4.14735777107,-72.7950447457,-71.3994056297
324,1.04571659351,0.570471515871,1.7421878873,-78.7935297611,-77.3361913439
325,0.890170655249,0.444259473759,1.57323683749,-59.9678466334,-58.6275305569
326,0.329522757844,0.0815733080189,0.861618118759,-21.7538997387,-20.5579057927
327,0.437479180827,0.174692008398,0.883525888212,-46.2944037351,-44.9447900818
328,0.83281868998,0.429470276223,1.44190585252,-65.457635523,-64.0693623959
329,0.382570001593,0.136702305332,0.827918797113,-35.6458849995,-34.3435196205
330,3.75969189247,0.210270496545,10000,-6.71383245785,-5.93286966514
331,0,0,1.66412239174,-3.84552579327,-3.09859727092
332,1.57058326417,0.0715116826801,10000,-6.52264089595,-6.10206109583
333,0.119243682996,0.00679973477458,0.52691056683,-12.4845670461,-11.3682345242
334,0.482409917901,0.149334783344,1.1275726893,-31.8705152338,-30.7047731663
335,0.501067629661,0.214486778247,0.975236577744,-47.7030856847,-46.2709265997
336,0.42191534441,0.167082514239,0.859160890938,-37.5486505845,-36.2106623167
337,0.761471929981,0.346544892156,1.42988162118,-45.7654776509,-44.4211681326
338,0.408873484443,0.0679495312158,1.26316474957,-22.1669749683,-21.2387371796
339,0.610814684084,0.260802750005,1.19422955223,-43.4246786503,-42.0234646657
340,0.336569949529,0.0833902081486,0.880737426803,-27.8038909848,-26.6187142819
341,0,0,0.390118827055,-4.10782936399,-2.55675468815
342,1.65423566965,0.977450011633,2.60876576151,-87.3986791491,-84.6190841929
343,0.677666231683,0.30643819414,1.28426106011,-51.879713092,-50.4596632278
344,0,0,0.390118827055,-4.10782936399,-2.55675468815
345,0,0,0.183929137386,-4.86975159704,-2.7069163094
346,0.889011707445,0.424045344229,1.61949015299,-60.9982529152,-59.6783135396
347,0,0,0.128710833508,-5.70981642376,-3.1619484124
348,2.50219906341,1.65902894307,3.60150917422,-147.654524196,-146.242515099
349,0,0,0.128710833508,-5.70981642376,-3.1619484124
350,2.04225947685,1.24475231568,3.16699249467,-122.824920523,-120.8771542
351,0.255678682183,0.0634179282872,0.667012246127,-22.6323354627,-21.2825642797
352,0.21951080836,0.0364135903128,0.683232359639,-20.7698131928,-19.5734933976
353,0.487694939751,0.208878253833,0.948682192484,-51.6449259795,-50.2189079959
354,0.331562231513,0.0821573885342,0.867482268455,-25.4924577701,-24.2998124992
355,0.70083384839,0.318805985715,1.31459835824,-50.2189919236,-48.8121999801
356,0.159938153656,0.0265033304453,0.498322716581,-16.1194705111,-14.7878624031
357,0.79842088951,0.285825540551,1.72162220183,-38.7128547928,-37.5620711711
358,1.32814048873,0.798919041524,2.06373179741,-119.157844593,-116.81780613
359,0.706948251587,0.352770878304,1.24855418775,-75.1823728663,-73.638860253
360,0.764166741322,0.38070902347,1.35115291582,-71.4356628893,-69.9928837512
361,1.43026525508,0.813113667279,2.32009549164,-104.691410827,-102.291152529
362,0.240796719723,0.0399641575805,0.74721127954,-16.1335664989,-14.97979796
363,0.586953093768,0.209220625972,1.27816155556,-37.7908636414,-36.581148797
364,0.109469887403,0.00623851030106,0.484841354797,-11.7225686293,-10.5727684464
365,0.161660591398,0.00922335448384,0.712970472553,-12.8196700277,-11.8301277267
366,0.509445195039,0.201382875014,1.04302677434,-41.8415903786,-40.4972901168
367,0,0,0.167818749346,-5.39055433812,-3.13748229128
368,1.13525586033,0.617658383897,1.90273586512,-65.5365483975,-63.9338957207
369,0.221612837956,0.0367395011466,0.689717546671,-21.1645312282,-19.9728038093
370,0.51540533076,0.204416621827,1.04856518512,-47.8961693076,-46.5445180008
371,0.10307301987,0.00601830510202,0.434324918065,-11.9213666817,-10.7217362953
372,1.4202333398,0.826411815153,2.26327224063,-95.7031275681,-93.2164439084
373,0,0,0.167818749346,-5.39055433812,-3.13748229128
374,1.27889629735,0.700890608121,2.11744850862,-85.8899573848,-83.9550676326
375,0.563816313826,0.200670238194,1.22979349273,-38.3009798039,-37.0808820752
376,0,0,0.154840156639,-4.85030216413,-2.51292451348
377,2.6889160305,1.55001890251,4.39727285041,-98.9363794197,-97.5465261547
378,1.21086161519,0.703729929869,1.93062555364,-91.4056152657,-89.5418461567
379,0.554055130351,0.237445166244,1.076882495,-41.9396452561,-40.4990585153
380,0.616039915159,0.220284609223,1.3311849487,-32.016271122,-30.815282401
381,0.405870909225,0.0673768158938,1.2585641002,-22.413273474,-21.4841843372
382,1.02878774394,0.577535592306,1.67596424039,-79.5015609755,-78.0566557163
383,0.202706634844,0.0115595220411,0.89558830555,-11.015171369,-10.1221818685
384,1.40424631222,0.8171645224,2.23725584855,-104.650125909,-102.20482883
385,0.229820223447,0.0381548236228,0.71201444839,-17.1635605695,-15.9863935344
386,0,0,4.76346896961,-3.47403176823,-3.13748229128
387,0,0,4.76346896961,-3.47403176823,-3.13748229128
388,0,0,0.167818749346,-5.39055433812,-3.13748229128
389,0.174595119787,0.0289804838401,0.541597251203,-16.4667774649,-15.1641723758
390,0.610379812252,0.277960579213,1.14324850864,-54.1146738597,-52.6042694337
391,0.147435068214,0.0244839809196,0.456771920588,-18.636026237,-17.276176268
392,0.083376689014,0.00475723055568,0.367640162324,-14.5330934758,-13.2760171986
393,0.33316011965,0.0825131717719,0.871767244509,-31.0101797923,-29.8200021447
394,0.362673489293,0.129452586699,0.786241895594,-36.1305862741,-34.8122240511
395,0,0,0.128710833508,-5.70981642376,-3.1619484124
396,0.157166248987,0.0260956344562,0.48714121926,-17.3181875435,-15.9767400928
397,0.0983786918267,0.00560816811784,0.435217790878,-12.9268302853,-11.7343851318
398,0.343442668905,0.106130613733,0.80586167536,-28.4336700329,-27.1512205792
399,0.110564839922,0.00634872766376,0.480006747586,-12.8484565182,-11.6923961375
400,0,0,0.142149632071,-5.11569551253,-2.68489387767
401,0.219243171306,0.0543924856146,0.572756566882,-19.8147892183,-18.3525543355
402,0.528763717659,0.209675957434,1.07612182506,-40.2659259449,-38.9172434794
403,0.0873680133081,0.00498171983829,0.38615479905,-13.2072647867,-11.9689404144
404,0.333582637453,0.0826520716934,0.872967119388,-29.7045178128,-28.5150035347
405,0.585344054681,0.20851906745,1.27404403223,-34.3225248518,-33.111830231
406,0.12892091128,0.0214117358718,0.39929709195,-20.5337916517,-19.1511765438
407,0.552934425832,0.218582079153,1.13066610552,-33.1347570061,-31.800741457
408,0.128473350143,0.0213369886575,0.397948283302,-15.2623391822,-13.879464422
409,1.30932298949,0.652204287588,2.31605577693,-57.6064034844,-55.8063445553
410,1.38477627193,0.629251881448,2.6102826625,-51.4257681741,-49.7324465592
411,0.333299237091,0.0825993127906,0.871771622562,-26.386027568,-25.1957667905
412,0.169089363105,0.0280907802468,0.523356779227,-21.5840911329,-20.2671545838
413,0.574114302212,0.204132732751,1.25401769074,-38.7159076256,-37.5027474633
414,2.63156741813,1.72061454582,3.85281977358,-141.424267485,-140.037603281
415,0.407458245501,0.126077639462,0.953023816881,-32.2309375411,-31.014079771
416,0.228163040278,0.0378918340699,0.707171585223,-15.6696194044,-14.4891614484
417,0.243392540099,0.060309412857,0.636928131603,-22.2113507339,-20.8285527894
418,1.00080490455,0.547872725666,1.65897659923,-72.7517517064,-71.344649511
419,2.51394043262,1.67871563414,3.61182757081,-164.935952375,-163.528626194
420,0.909468337038,0.471264812059,1.56836709026,-59.1955870796,-57.8424905284
421,1.52015578334,0.866102430829,2.45919321571,-80.2187483816,-77.6614514957
422,2.31843826547,1.35734694543,3.72845257838,-91.3943167105,-89.9002560264
423,0.324679631417,0.100629595977,0.757312451577,-30.2083016665,-28.8915432457
424,1.20656392706,0.652726634848,2.03774815754,-69.1932027229,-67.4534781095
425,5.40974271475,3.55397835796,7.96378403891,-171.17349072,-164.393267473
426,16.5961606534,1.93937984096,136.957759491,-12.8006944025,-10.1412793523
427,0,0,10000,-2.51292451348,-2.51292451348
428,0,0,10000,-2.68535441005,-2.68535441005
429,0,0,10000,-3.73051976,-3.73051976
430,0,0,10000,-2.37627677465,-2.37627677465
431,2.50489630207,1.42494894696,4.09682756294,-77.461494538,-76.0670685804
432,0.618975768014,0.265438813144,1.20156919192,-46.4908465307,-45.0850063042
433,0.72466053232,0.328686358654,1.36595110977,-49.60039187,-48.2251750191
434,1.81818813703,1.09302660148,2.8308566214,-90.1039716207,-87.5907776554
435,1.32887254408,0.731674680366,2.19574640346,-73.9320088887,-71.8686872903
436,0.436559175236,0.172598006768,0.890146067249,-37.6874540416,-36.348255545
437,2.70658057709,1.6736059272,4.15286273723,-128.467758066,-127.070913918
438,1.69475953482,0.962960009406,2.7547473013,-93.7967409933,-91.3314927429
439,1.56164046182,0.769596041813,2.81033256594,-57.4456890397,-55.5102870036
440,0.627325641444,0.270419552776,1.20927982278,-50.068228989,-48.6571586781
441,0.486467247016,0.120829573231,1.26673636457,-23.8381440089,-22.7983671994
442,1.90881387536,1.21161110922,2.85701448387,-129.993323633,-127.499355054
443,1.03605201504,0.550652248458,1.75555143537,-68.5414708051,-67.1055392838
444,0.113181727942,0.00645012218811,0.50120372265,-10.9688795743,-9.83240762016
445,0.883940154902,0.455781777021,1.53131832552,-53.2644681538,-51.9086343834
446,0.972359813291,0.50292952522,1.67578513505,-73.8771846314,-72.5061616233
447,0.799747056812,0.381097090568,1.46210404306,-57.4727698572,-56.1170015143
448,0.518513522532,0.205480332728,1.05666803463,-44.9500775318,-43.6010253161
449,1.40289694068,0.0783863969847,6.68030712894,-7.36707403784,-6.87181523232
450,0,0,4.38636005479,-3.45722367155,-3.09859727092
451,0,0,4.0258632586,-3.06965368938,-2.68489387767
452,3.39928166525,0.539236220831,11.8593601728,-11.0326016014,-9.95900870301
453,1.92335728917,1.04717874338,3.21125701527,-77.8847624837,-75.9792092603
454,0.795918754537,0.339289471298,1.55968038894,-44.3464392705,-43.0787347066
455,0.425718823116,0.151998276353,0.922817314054,-36.4581689869,-35.177058566
456,1.07441615929,0.57181696728,1.81900923635,-66.2145570183,-64.7273699525
457,0.244682518753,0.0607664713282,0.63638103597,-27.7609900093,-26.3772813196
458,1.28369951592,0.638178092753,2.28008699509,-57.1544623848,-55.3964787838
459,0.894530754269,0.461344879636,1.54873819737,-56.0818373106,-54.7286142071
460,0.596595536142,0.255518295759,1.15856757788,-44.6630163954,-43.2416652042
461,0,0,0.228912577659,-5.17073618547,-3.20599117887
462,0.354382119527,0.0879339002175,0.924238436139,-28.8103235583,-27.6471607303
463,1.28538090582,0.511421162643,2.60708416715,-45.3585276822,-43.912477888
464,0.309224235998,0.0765592835842,0.81060506963,-27.099543259,-25.8719318723
465,0.254078039646,0.0630912395058,0.659760203011,-24.92570548,-23.5681761331
466,0,0,0.310326324362,-4.80956774968,-3.09048826768
467,0,0,0.209513685525,-4.41883712337,-2.37627677465
468,0.0740486371627,0.00422328075787,0.327007844735,-14.8952225365,-13.5935254331
469,0.12816276551,0.0212843703953,0.397044713254,-20.0923511358,-18.7094045712
470,0.0853302001594,0.00486654206879,0.376860461918,-12.5529139784,-11.3053097628
471,0.686167491751,0.270898584902,1.4076584713,-42.2414532878,-40.989231637
472,0.0874806506342,0.00498854309613,0.386532122618,-8.98556597219,-7.74758721698
473,1.41016513465,0.830659906577,2.23856119944,-99.4995870659,-96.9916433991
474,0.0810506503629,0.00462387243891,0.357579141772,-12.7796588865,-11.512118893
475,0,0,0.128710833508,-5.70981642376,-3.1619484124
476,0.1598778591,0.00911559788754,0.706752801918,-9.43256332362,-8.43940032628
477,0,0,0.209513685525,-4.41883712337,-2.37627677465
478,0.515553024824,0.204039321134,1.05254339444,-38.3525460869,-37.0056271348
479,0.427747888142,0.169464905551,0.873366593467,-39.873288131,-38.5352689066
480,0.87315893464,0.433460347241,1.55664222318,-63.0064895746,-61.6649385789
481,0.304608579747,0.0943699433658,0.711248042152,-30.0227798866,-28.6639256658
482,0.0831065249406,0.00474181452308,0.366458169763,-12.9857604422,-11.7274586828
483,1.21801054421,0.55360031455,2.30177738947,-48.0772648336,-46.528831241
484,0.192615560352,0.0319633336949,0.597895117573,-24.8237553977,-23.5641576226
485,0.14961859667,0.0248413706533,0.463829619213,-19.4976262224,-18.1420263924
486,2.00139549307,1.1527804157,3.21109741666,-119.62632106,-117.715768571
487,0,0,0.142149632071,-5.11569551253,-2.68489387767
488,1.41253598844,0.751111552235,2.39653865322,-67.2716689526,-65.1555515968
489,0.108180961868,0.00616320202463,0.479615612554,-10.9394281842,-9.78539566255
490,0,0,0.390118827055,-4.10782936399,-2.55675468815
491,0,0,0.310326324362,-4.80956774968,-3.09048826768
492,0.620109853831,0.153843369146,1.61592377452,-25.8736296443,-24.897057625
493,0.203175738601,0.0115863103718,0.897650495164,-13.7742837372,-12.8822535844
494,0.680546554992,0.268607415697,1.39691898431,-46.3836906255,-45.1286996457
495,0,0,0.155363012907,-5.43146947144,-3.09859727092
496,1.15919736898,0.495566125713,2.26357902002,-43.7635929558,-42.3284913735
497,0.288968787191,0.0716624783512,0.753858642849,-23.0395355438,-21.7700684799
498,0,0,0.155363012907,-5.43146947144,-3.09859727092
499,0.0847597716512,0.00483548574502,0.373930141865,-11.3023156554,-10.0516815192
500,0.776893039449,0.387370996468,1.37351235913,-56.731962899,-55.3074910354
501,0.241152665537,0.040029236533,0.748527545495,-19.3619897115,-18.2090973864
502,0.271685513491,0.0674019501072,0.708879944751,-25.5716864334,-24.2634658741
503,0.998926179446,0.514562226892,1.73286903158,-60.4535176108,-59.0648416833
504,0,0,0.183929137386,-4.86975159704,-2.7069163094
505,0,0,0.167818749346,-5.39055433812,-3.13748229128
506,0,0,0.154840156639,-4.85030216413,-2.51292451348
507,0,0,0.159586075094,-5.90046193137,-3.59598999452
508,0.663562332798,0.205918792855,1.54506964124,-32.7562003643,-31.6750119963
509,0.07419754512,0.00423177955894,0.327669296551,-10.8770697533,-9.57614847721
510,0.789008330009,0.378134022304,1.42850464077,-55.2713994275,-53.899897769
511,0,0,0.229418701654,-5.26163704322,-3.29878956153
512,0.202274420785,0.0115346024726,0.893754419784,-10.2906328063,-9.39678977473
513,0,0,0.183929137386,-4.86975159704,-2.7069163094
514,0.169126909067,0.0280431017854,0.526100204951,-17.514840553,-16.201885337
515,0,0,0.390873631699,-5.71067287982,-4.16125694357
516,0,0,0.310326324362,-4.80956774968,-3.09048826768
517,0.0806327229645,0.00459305803876,0.357718374084,-10.8138358475,-9.54675741144
518,0.356565557935,0.110341133922,0.833724541925,-24.3029713879,-23.0361537621
519,0,0,0.155363012907,-5.43146947144,-3.09859727092
520,0.0762299191418,0.00434781604445,0.336592198959,-10.4702423664,-9.17969726589
521,0,0,0.154125034761,-5.02724491761,-2.68535441005
522,0,0,0.390118827055,-4.10782936399,-2.55675468815
523,0.232785272467,0.0576849642381,0.60772376213,-20.2662394658,-18.8485722319
524,0.0674683413381,0.0038487546294,0.297730537101,-11.5332355284,-10.1939619425
525,0.151467820062,0.0251503338764,0.469436989283,-17.2725598068,-15.9200982424
526,0,0,0.390118827055,-4.10782936399,-2.55675468815
527,0.110990637763,0.00632483533978,0.491671855977,-11.7686550382,-10.6244783283
528,0.813980574523,0.387774808587,1.48657882373,-54.3162226327,-52.9710892599
529,0.700300291773,0.249799592742,1.52154069288,-32.8988829282,-31.7378614534
530,0,0,0.142149632071,-5.11569551253,-2.68489387767
531,0.109103222672,0.00621762686717,0.483213438256,-14.6840478746,-13.5329024666
532,0.952075306121,0.492354932935,1.64206165121,-68.1565477994,-66.7959154995
533,0.0806924645983,0.00459643378674,0.35799140628,-13.6794728334,-12.4126860417
534,0.457155294191,0.164106891549,0.981870023057,-32.1581498795,-30.8778605758
535,0.418739122,0.149922015844,0.903663153491,-42.417541123,-41.1303249113
536,1.81745747897,1.08894839182,2.83443618573,-92.6118153072,-90.1114519926
537,1.16130342632,0.628733182205,1.95601376309,-76.3686663617,-74.7201435915
538,1.58149313541,0.782407292535,2.83418938702,-59.9949125913,-58.0464788255
539,3.82194753957,2.64994146618,5.34194383198,-192.585376763,-189.146968423
540,19.4488019904,4.82644031202,50.7084402998,-26.5641539395,-21.824215122
541,1.87082471664,0.990023718,3.20494196867,-80.4693659421,-78.5711225171
542,0,0,0.390118827055,-4.10782936399,-2.55675468815
543,0.727978005461,0.348003755796,1.32310077895,-71.530985099,-70.0901229521
544,0.530950575681,0.189657606191,1.15054962148,-38.7608119795,-37.5174033117
545,0.853597791854,0.440300454255,1.47932445124,-63.0353124482,-61.6646025763
546,0.454423950889,0.179996510816,0.926719749425,-42.1949825974,-40.8505458783
547,0.161431072342,0.00921026884784,0.711973115628,-11.8759433789,-10.8857948984
548,0.61282847487,0.218926932147,1.32574495031,-31.7291754463,-30.5275956372
549,2.19635006991,1.29688333461,3.46328627386,-92.0617677529,-90.428273653
550,1.8351805216,1.13242004808,2.80399632173,-118.357482753,-115.753770589
551,0.949963454052,0.488203974165,1.65446350385,-62.7815179801,-61.4233954859
552,1.59286720157,0.970894238913,2.45356125659,-149.567082565,-146.488164583
553,0,0,221.506419818,-3.01890005679,-3.00933732977
554,2.025432636,1.26039992796,3.0799953544,-113.941720633,-111.888868233
555,2.02742837089,1.21988943638,3.15601436372,-103.47501699,-101.519069251
556,4.89494017187,1.80892143049,10.6689926599,-33.4869964948,-31.2886133357
557,0.752342046215,0.0428201463827,3.35764147167,-9.17028120172,-8.63967722479
558,1.1828599461,0.661777067787,1.93556895455,-102.055627346,-100.320457475
559,1.28424694121,0.0716535528289,6.44788688577,-9.6061585415,-9.11968957156
560,1.12951952823,0.630747836563,1.85604539278,-92.1448626936,-90.5313722482
561,3.0557189706,2.03283132002,4.42233003906,-154.351294654,-152.666997637
562,2.68047864345,1.75589437447,3.92936200098,-140.944586352,-139.551249358
563,1.72859135122,1.05571965858,2.6589119869,-115.469586305,-112.592074661
564,1.31489774427,0.782808182195,2.05340912755,-97.214891844,-94.9563029554
565,1.61866801563,0.947661115554,2.59210520335,-102.475669772,-99.767057779
566,1.0841093278,0.51768568062,1.97416336013,-60.9724323909,-59.5300751424
567,0.217111613374,0.0359930534533,0.675972376052,-19.6275163839,-18.4262161625
568,0.490835438556,0.194128039689,1.00272253281,-47.3603038108,-46.0130214163
569,0.625741040467,0.193802874651,1.46062416233,-25.585019753,-24.4937431104
570,2.6596451982,1.71323488647,3.92115874786,-126.157080588,-124.767783134
571,0,0,15.6209066403,-2.80899542919,-2.68535441005
572,10.1641904028,0.550648717158,68.055282254,-10.097823468,-8.62684111011
573,2.98003494136,1.94490691154,4.39057735279,-157.521129304,-155.942337463
574,0.175571014078,0.0291392032967,0.544747413608,-15.7825160021,-14.48238454
575,0.167822825989,0.0278293936821,0.521818467188,-16.2770647543,-14.9609177241
576,0.363881432554,0.0903189554369,0.948315512606,-27.0752463391,-25.9234396281
577,1.10468474266,0.527920822862,2.00917416809,-67.2931225353,-65.8262378157
578,0.527935395081,0.226224376894,1.02585204584,-50.213465537,-48.7710133426
579,1.35800036192,0.780245465456,2.19709438113,-89.058831512,-86.8060217638
580,0.528709233534,0.209684759594,1.07572930963,-41.0619414634,-39.7128965425
581,1.75736564452,1.07813403478,2.68700837976,-110.288058347,-107.445479531
582,0.584036868458,0.144845060213,1.52327595342,-25.4546088176,-24.4671616044
583,0,0,0.128710833508,-5.70981642376,-3.1619484124
584,1.08743909462,0.578081293218,1.84473775704,-76.6443752271,-75.1385435457
585,0,0,0.209513685525,-4.41883712337,-2.37627677465
586,0.637694959309,0.273306434508,1.23858772795,-47.7613372857,-46.3725012142
587,0.327557705959,0.0813294445644,0.853702598281,-22.7299030057,-21.5287019022
588,0,0,10000,-3.1619484124,-3.1619484124
589,0,0,10000,-2.55675468815,-2.55675468815
590,0.884900944618,0.471849685443,1.49398855873,-68.0551173456,-66.686365607
591,2.66071241118,1.74397311556,3.91611869647,-160.655913698,-159.266250865
592,3.54211650473,2.13100708368,5.51682187001,-117.380575285,-115.270037521
593,1.06257115062,0.562763293294,1.81236881564,-81.8145417939,-80.3470273547
594,0.787386382184,0.392997986198,1.39153841599,-69.0952645701,-67.6841966503
595,0.606435216907,0.258852872795,1.18647957388,-52.7283700752,-51.3249087869
596,1.04874234324,0.557661209109,1.77981650294,-72.0023921156,-70.5510137083
597,0.268649918587,0.0832560849009,0.626708185558,-26.1838695535,-24.7139222626
598,1.38717250326,0.791095949577,2.24228802081,-88.0563703767,-85.7408784713
599,0.555682367718,0.237417696135,1.08509786011,-43.7004310777,-42.2682781302
600,0.1616971066,0.00922540590483,0.71315843357,-11.3152512236,-10.3258114289
601,0.343691835918,0.106531671958,0.801523106068,-30.0074259528,-28.7217701178
602,0.193376105798,0.0320911233746,0.600161777239,-18.2071219604,-16.9492165012
603,0.363626689625,0.0902207752884,0.94754833647,-24.6715222194,-23.5193403661
604,0.588823836128,0.233170057405,1.20254125361,-44.0935981129,-42.7752928282
605,0,0,0.121228984443,-5.60988586599,-2.98662030827
606,0.161063309778,0.0267192765196,0.500368616847,-19.8065772129,-18.4749982421
607,0.119228096509,0.00679884701611,0.52684166591,-12.7149546352,-11.5985686127
608,0.566913191846,0.20198799734,1.23370733761,-37.3925323808,-36.1719005154
609,0.834943097912,0.40455653624,1.49775316075,-57.5480644285,-56.202698344
610,1.37222744757,0.775632236776,2.24407560473,-83.5368889353,-81.3014859439
611,0.527035880477,0.208866690993,1.07366692852,-47.3438639883,-45.9961319439
612,0,0,0.348378701024,-5.81948749611,-4.18700930487
613,0.330888238598,0.102311270657,0.774822343178,-27.8754384815,-26.5719429055
614,0.829125949336,0.441636725564,1.40310471773,-73.1827028081,-71.7686147088
615,0.556028825288,0.237126709843,1.08948597406,-41.9021959403,-40.475560462
616,1.3579875789,0.779354331658,2.17666815167,-101.968228654,-99.7004324778
617,1.1803712082,0.58761198636,2.09230001218,-64.9338642521,-63.3314061554
618,0,0,0.183929137386,-4.86975159704,-2.7069163094
619,0.462546507381,0.183324608862,0.942734644158,-45.8252837707,-44.4782496235
620,0.793804926517,0.378016622417,1.45163211644,-56.9419708619,-55.5815225649
621,1.22445148264,0.609695856932,2.16891764212,-59.594086734,-57.9224219526
622,1.2264702459,0.55912745396,2.29253458105,-64.3338065252,-62.7645848778
623,1.10436119418,0.526401402587,2.0168533726,-63.2789427462,-61.8150749316
624,0.0644213431498,0.00367430508713,0.284460884306,-12.124548725,-10.7658483086
625,0.120103396283,0.00684856347144,0.530768039203,-11.6922681562,-10.5789199062
626,0,0,0.228912577659,-5.17073618547,-3.20599117887
627,0.0741442491351,0.00422871882085,0.327438890287,-11.6935395164,-10.3923449037
628,0.751083482905,0.357771748969,1.37376983403,-47.1939420712,-45.789624423
629,0,0,0.390118827055,-4.10782936399,-2.55675468815
630,0.526820744017,0.208375542637,1.07719526187,-40.142560101,-38.7995916837
631,0.154747818005,0.025687669318,0.480006028913,-20.84581162,-19.5001728817
632,0.109482060972,0.00623915405609,0.484909386373,-13.3401246774,-12.1903832381
633,0,0,0.154840156639,-4.85030216413,-2.51292451348
634,0,0,0.310326324362,-4.80956774968,-3.09048826768
635,0.239219068705,0.0397083584796,0.741991800557,-18.5681649522,-17.4110025448
636,0.376212004373,0.116351589578,0.881581791374,-25.3017397017,-24.0583492
637,0,0,0.154125034761,-5.02724491761,-2.68535441005
638,0,0,0.159586075094,-5.90046193137,-3.59598999452
639,0,0,0.128710833508,-5.70981642376,-3.1619484124
640,0,0,0.167818749346,-5.39055433812,-3.13748229128
641,0,0,0.162691540529,-5.29383414988,-3.00933732977
642,0.208105462863,0.0516875592668,0.541107422229,-24.5312389018,-23.025949228
643,0.198698074487,0.0329654638894,0.617140769075,-21.9650513043,-20.7201817678
644,0,0,0.162691540529,-5.29383414988,-3.00933732977
645,0,0,0.209513685525,-4.41883712337,-2.37627677465
646,0.128405526746,0.0213370607646,0.397208574114,-22.3620181765,-20.9780712825
647,0.301491019592,0.0748775560017,0.784726021121,-22.0781960022,-20.8320487412
648,0.0743861341867,0.00424249825711,0.32851227385,-13.4871711128,-12.1872484686
649,0.0686979067631,0.00391883992421,0.303172364814,-12.2338352282,-10.9020200691
650,0.0631707790859,0.0036045889312,0.278479496196,-14.3822557783,-13.01437335
651,0,0,0.121228984443,-5.60988586599,-2.98662030827
652,0,0,0.183929137386,-4.86975159704,-2.7069163094
653,0,0,0.121228984443,-5.60988586599,-2.98662030827
654,0.0848368320235,0.00484000226589,0.374245782047,-13.1726839508,-11.9223524051
655,0.0719148077883,0.00409957227378,0.318161316203,-11.3753064588,-10.0628316212
656,0,0,0.310326324362,-4.80956774968,-3.09048826768
657,0.114636660227,0.00653299046182,0.507579632604,-10.7329446673,-9.60157130237
658,0.974013547078,0.482742488096,1.73148536176,-70.3176663567,-68.9588675754
659,1.83461525803,1.10235926,2.87617705934,-104.324319897,-101.889785064
660,0.473193277347,0.169366157843,1.02072657572,-40.6916241654,-39.4205345104
661,0.161675065209,0.0268176426077,0.502405368544,-19.4432756632,-18.1132317611
662,0.298153152214,0.0923437872501,0.69644062315,-28.5601456459,-27.1852246925
663,0,0,0.390873631699,-5.71067287982,-4.16125694357
664,0.164780433588,0.0272953005689,0.513947717865,-20.6915101394,-19.3710102848
665,0.215729585743,0.0535202431482,0.563645978173,-26.0672947364,-24.5931136685
666,0,0,0.390118827055,-4.10782936399,-2.55675468815
667,0,0,0.155363012907,-5.43146947144,-3.09859727092
668,0,0,0.390118827055,-4.10782936399,-2.55675468815
669,0.451622406151,0.139504925871,1.05984038681,-27.833171913,-26.6507610232
670,0,0,0.154125034761,-5.02724491761,-2.68535441005
671,2.41466498985,1.44666074301,3.76307978577,-115.423955462,-113.98483178
672,0.191156313107,0.0474544386786,0.497607067716,-27.0580567148,-25.4967239019
673,1.54327676249,0.921855371451,2.41982690725,-111.08332408,-108.206871933
674,0.169660912765,0.0281858447051,0.525118409556,-19.3575568491,-18.0419044423
675,0.78536900561,0.334454465239,1.54193689554,-56.9326441578,-55.6619635141
676,0.0873780277946,0.00498229236436,0.386197821694,-13.5851882563,-12.3469058872
677,0,0,0.142149632071,-5.11569551253,-2.68489387767
678,0.59564453274,0.147788605024,1.55301958943,-23.1152883704,-22.1316698298
679,1.55447602542,0.934707406318,2.4143645347,-101.577018899,-98.6202164641
680,3.09916825341,2.0446795457,4.52465767921,-165.817739275,-164.092483557
681,1.99550232568,1.26209088939,2.9910043758,-134.744309789,-132.548527172
682,0.417484165115,0.148676816483,0.910377232971,-35.933287789,-34.6536620191
683,0.427279255157,0.152779816196,0.922960249523,-32.0130331952,-30.7297141944
684,1.95185075308,1.18903455586,3.03547273167,-116.77866802,-114.617553529
685,1.75883144267,1.07853589248,2.71193933982,-129.158604484,-126.372121383
686,2.12875666938,1.31222770374,3.2741894308,-132.972667247,-131.18015083
687,0,0,0.390118827055,-4.10782936399,-2.55675468815
688,1.05222871081,0.575711759474,1.74676446719,-79.2369170272,-77.7693114038
689,1.24679744585,0.691224606692,2.06824033459,-82.4779708128,-80.6072542824
690,3.87583967474,2.63580046175,5.55783174277,-181.60087764,-178.220304415
691,2.71085885162,1.70989151378,4.07480958411,-144.340841146,-142.941732687
692,1.69170977471,1.0133109629,2.63660841985,-104.506195864,-101.679662272
693,1.1854378132,0.647946304946,1.97520755717,-86.694801602,-84.9809624701
694,1.68037625473,0.995143547896,2.64262970621,-98.4659763088,-95.7041282797
695,3.6582632321,2.50612378992,5.15375111258,-172.371612729,-169.457654813
696,1.10014922272,0.615420106438,1.80099962799,-81.7558583556,-80.1983955552
697,0.328639214437,0.101467436147,0.773945350815,-27.4637749807,-26.1595889758
698,4.78715065358,3.31783994548,6.71839721491,-164.407000444,-158.063249208
699,0,0,4.76375235307,-2.87709482756,-2.51292451348
700,2.72509391581,1.68936117371,4.16361754009,-126.217772272,-124.815929993
701,1.17883363455,0.643737731079,1.96308896574,-89.7730699582,-88.0761313872
702,0,0,10000,-3.09859727092,-3.09859727092
703,1.8695591773,1.04801526438,3.11884434455,-105.056908938,-103.011561459
704,0,0,10000,-2.93528080002,-2.93528080002
705,0.954596026369,0.327529633202,2.21848055952,-26.7578762861,-25.6143858421
706,79.8470246504,0.875149028176,10000,-9.79439851471,-8.1986529436
707,1.66928690046,1.04195352774,2.52694317293,-121.525008273,-118.310640421
708,1.77975224242,0.857090590114,3.22354624176,-65.9638240558,-64.2001170373
709,1.8696346183,0.106109967818,8.43026569087,-9.05864908086,-8.51412009121
710,6.4948491266,1.57551360983,18.3958533799,-19.5670794153,-17.3848767316
711,7.20577207302,1.69208718369,23.2671051579,-19.20787731,-16.8857448991
712,7.02040913179,2.11124671855,17.9642551228,-19.1596523269,-16.4517650435
713,1.94927342094,0.110206110843,8.91611957538,-7.2070011127,-6.65421041535
714,4.39033528072,0.71885339162,14.2029566762,-13.5455499123,-12.2300360709
715,8.07430266011,2.39064997606,21.6549574638,-19.1294786882,-16.1027900005
716,4.65097317018,0.746240303601,16.876902421,-17.4640917717,-16.1048605047
717,3.89966152272,2.70995745976,5.4483496197,-188.251246723,-184.573177885
718,0,0,10000,-3.09859727092,-3.09859727092
719,2.15841685923,0.143636523052,10000,-6.21374570694,-5.62335120628
720,1.93841881013,1.22359200892,2.91227571509,-140.447401937,-138.080584108
721,12.6528347005,0.615056650336,10000,-7.43512155944,-5.87092032721
722,4.13791595625,2.82566828421,5.94341240602,-189.376281289,-185.253631135
723,2.89176815939,1.94995413232,4.1402930939,-164.78990738,-163.269616882
724,0.768225809675,0.366763162446,1.3986980651,-53.8186951139,-52.4299910731
725,1.07265653259,0.483401868916,2.0431343054,-56.3710086138,-54.9775423513
726,0.450223207902,0.138964104215,1.05909118309,-35.0737878597,-33.892341662
727,1.44980085116,0.858614865869,2.2822961291,-86.8958611199,-84.2415861211
728,3.22405653418,2.23578824059,4.51356065313,-177.150775822,-175.113677555
729,0.357756261659,0.0888021334306,0.932270673467,-25.5085111275,-24.3490950667
730,1.06515924775,0.607926597548,1.72103617085,-93.5717362985,-92.0664166329
731,0.495903856407,0.177124247858,1.07390179809,-47.3162081198,-46.0571495726
732,0,0,0.142149632071,-5.11569551253,-2.68489387767
733,0.0677582707775,0.00386537622745,0.298979003345,-12.2102626687,-10.8727386491
734,0.535528585569,0.22914128838,1.04330519578,-42.4530549361,-41.0143774941
735,0.278111292617,0.0861721195102,0.648642329978,-26.6956723539,-25.2595879295
736,0,0,0.155363012907,-5.43146947144,-3.09859727092
737,1.27490088395,0.506469033538,2.59068401837,-45.8841012494,-44.4449304699
738,0.690202105348,0.344298565396,1.21970413408,-64.7976693297,-63.2225648133
739,0.769237025886,0.368749627964,1.39231023368,-66.2732376083,-64.8807281745
740,0.063165932157,0.00360298223427,0.278836267851,-12.4902364135,-11.1227609312
741,0.813503916046,0.419922511731,1.40693591621,-70.9367092671,-69.5271679456
742,3.42364210654,2.18497374142,5.11607128864,-157.636768047,-155.526876903
743,2.1268894079,1.38765791579,3.12435883157,-146.143696678,-144.228411307
744,0.674730742956,0.321990988042,1.23032377809,-60.6140303746,-59.0982924408
745,11.0896145813,8.33072939566,14.6115513404,-405.551362273,-363.347987487
746,3.03156309067,1.98090084314,4.48076409479,-186.933948241,-185.304052833
747,1.68074616894,0.764211324719,3.15679111512,-55.6123480956,-53.9189899646
748,0.974240084951,0.518337070715,1.65065715376,-76.8851619742,-75.5056031718
749,4.6620148818,2.98825708902,6.9828127302,-163.820522816,-159.291268074
750,1.29769629502,0.71995652968,2.15073523687,-76.6392958308,-74.6424483317
751,0.378213675096,0.135564536917,0.814400150154,-33.2118267663,-31.9034407216
752,0.952206740512,0.506415036786,1.61479300077,-68.9748955023,-67.6068235345
753,0,0,0.390118827055,-4.10782936399,-2.55675468815
754,0.195804254458,0.048627441265,0.509741432845,-23.4503555427,-21.9042474913
755,0.856479592399,0.42390868267,1.53200040447,-54.037082062,-52.6908686374
756,1.0031489142,0.476392469715,1.84421650101,-53.9233446992,-52.5615342157
757,0.0847107517624,0.00483281243961,0.373688652904,-12.2670911723,-11.016196752
758,1.73866835157,1.04402951313,2.71348118143,-125.394380966,-122.677564623
759,0.571425746194,0.141846683773,1.49017338201,-23.2005702136,-22.2079588933
760,0.517408304727,0.205199662914,1.0527476456,-45.1046608704,-43.7534303046
761,0.255037550621,0.0633668926803,0.663137150763,-27.5339882577,-26.1801188206
762,0.244076229181,0.0606416029851,0.634797202895,-29.0625036811,-27.6769579857
763,0.922173352275,0.47706691967,1.59177264585,-73.8141182439,-72.4611729811
764,2.07556145189,1.03886567113,3.66611660671,-69.5910094033,-68.0250025762
765,0,0,0.390118827055,-4.10782936399,-2.55675468815
766,0,0,0.154125034761,-5.02724491761,-2.68535441005
767,0.318657131135,0.078922334032,0.834654720749,-22.2866352725,-21.0745345086
768,0.79162555026,0.379214253839,1.43632426553,-60.2902554289,-58.9227660878
769,0.810292838731,0.344732397367,1.59401348731,-53.7822845255,-52.5206034267
770,0,0,0.390118827055,-4.10782936399,-2.55675468815
771,0.0730280888694,0.00416520366588,0.322472387528,-10.5605734355,-9.2534125608
772,0.0671677034054,0.00383170380574,0.296367860747,-11.4256942343,-10.0845283435
773,1.51543165593,0.902220687652,2.37841802848,-95.527298126,-92.7054643967
774,0.574029840431,0.204416060026,1.24753918885,-41.3503530115,-40.1327238544
775,0.0712583809909,0.00406222591121,0.315234546151,-9.86868905481,-8.55254165858
776,0.255998530987,0.0636302121596,0.666056356786,-26.3832068232,-25.0324212319
777,0.241752168731,0.0401577746369,0.74996006407,-21.3781589829,-20.2260458296
778,0.194447975441,0.0483327665139,0.505243995614,-27.8501542157,-26.2972932173
779,0.162247135201,0.0092573639303,0.715430848675,-14.4801877378,-13.4920911422
780,0,0,0.348378701024,-5.81948749611,-4.18700930487
781,0.160886715162,0.0266967187691,0.499496026878,-18.1930339627,-16.8605625903
782,0,0,0.390118827055,-4.10782936399,-2.55675468815
783,0,0,0.229418701654,-5.26163704322,-3.29878956153
784,0,0,0.128710833508,-5.70981642376,-3.1619484124
785,2.09707612813,1.2470744483,3.31037963212,-145.594220716,-143.80289785
786,0,0,0.154125034761,-5.02724491761,-2.68535441005
787,0,0,0.167818749346,-5.39055433812,-3.13748229128
788,0,0,0.162691540529,-5.29383414988,-3.00933732977
789,0.231330522037,0.0573602684213,0.604336228984,-20.0741938907,-18.6522511052
790,0,0,0.209513685525,-4.41883712337,-2.37627677465
791,0.080688349032,0.00459621875701,0.357975069994,-12.3193041216,-11.0525000066
792,0.223992520515,0.0556011603799,0.58333731825,-26.8956636926,-25.4467566697
793,0,0,0.154125034761,-5.02724491761,-2.68535441005
794,0.618105052857,0.244605759111,1.26293810091,-53.8734470348,-52.574281244
795,0.462543795983,0.142831433973,1.08654870684,-31.1787588965,-30.0044581347
796,0.867560191892,0.447076378755,1.50577489832,-50.3718653233,-49.0100703789
797,0.609092044059,0.217716830888,1.3171050164,-42.2093956986,-41.0053275167
798,2.49480213246,1.59527533637,3.72980515731,-153.646725855,-152.236281086
799,0.351770670369,0.108901879878,0.822273388555,-31.5018493765,-30.2287217143
800,0.32820315086,0.101246828329,0.772313933183,-33.4938453626,-32.1884315332
801,1.82880871781,1.02701359704,2.98012073453,-79.7550524112,-77.5711557241
802,0,0,0.155363012907,-5.43146947144,-3.09859727092
803,0,0,0.142149632071,-5.11569551253,-2.68489387767
804,0.86368008463,0.369482222947,1.68463959518,-47.0817019896,-45.8213703668
805,0.0823736261075,0.00469990102674,0.36325464846,-11.3287306203,-10.067129196
806,0,0,0.154840156639,-4.85030216413,-2.51292451348
807,0.708141873384,0.303197494442,1.38131604561,-48.9996299563,-47.6764830529
808,0.0784006598373,0.00447139728672,0.346233937677,-10.1238178271,-8.84409540888
809,0.366670196256,0.0910077794146,0.954889451593,-26.4726402347,-25.3236962742
810,0.42191534441,0.150478082658,0.915759137196,-40.0638228178,-38.7826687213
811,0.42191534441,0.150342560792,0.915923067367,-36.3876378383,-35.106908405
812,1.0915484381,0.60176634733,1.79910234917,-84.4825243756,-82.9486819972
813,1.21143910862,0.662777754927,2.01514231907,-70.3677878235,-68.5966024337
814,1.5958379267,0.893661146304,2.6082801748,-84.9102273329,-82.4186979062
815,1.2710904094,0.725268984947,2.05845438053,-90.0556657112,-88.0562858336
816,0.0852911430526,0.00486609174576,0.376194661838,-10.3743170443,-9.12594794041
817,0.798158951017,0.399604573961,1.40462100657,-59.812844874,-58.4109179538
818,0.884176006828,0.474348036389,1.48444111462,-78.2532254496,-76.882041255
819,0,0,0.416510267567,-4.06173750758,-2.55675468815
820,1.59407468797,0.771105875339,2.86007098587,-64.6194198193,-62.7132535354
821,5.02947230466,0.824171736344,16.1583413932,-14.4131433665,-12.9536074035
822,0,0,0.154125034761,-5.02724491761,-2.68535441005
823,1.45678285252,0.8163566951,2.38257566178,-72.3719561126,-69.9817992469
824,0.407602839249,0.14536576467,0.8851743291,-32.4154033536,-31.1288788022
825,0,0,0.155363012907,-5.43146947144,-3.09859727092
826,1.322178845,0.772834529777,2.09453814122,-95.8427255081,-93.6222053285
827,1.26475676907,0.72039450151,2.04863987041,-88.0353117998,-86.0596214855
828,0,0,0.154840156639,-4.85030216413,-2.51292451348
829,0.161565175973,0.00921796773999,0.71253732386,-15.0327172473,-14.0429154194
830,0.419474029166,0.150195025165,0.905591136825,-33.7043635668,-32.417587428
831,0.110130308095,0.00627593782074,0.487836143888,-10.0693368228,-8.92200247927
832,0.550637090426,0.218820778851,1.11762257477,-38.0944472262,-36.7485759836
833,1.59539850178,0.946242911736,2.50337800445,-108.83096842,-105.96676276
834,2.15236622576,1.36657421842,3.20620618409,-120.543785422,-118.730621994
835,0.901568003788,0.407450448041,1.70873981685,-55.0444841805,-53.7506582452
836,0.10924795805,0.00622589413793,0.483849318834,-10.0179418305,-8.86732104092
837,0.289788296126,0.0718941449424,0.756061959528,-35.7716991681,-34.5039651574
838,0.218178057764,0.0542166178137,0.567206435655,-27.0929911615,-25.6225354563
839,0.110055104787,0.00627141034915,0.48756967855,-12.5755756379,-11.4280457302
840,0.448647370989,0.160307234851,0.971098447107,-42.5831056954,-41.3077543526
841,1.95952011347,1.22391086653,2.97674483828,-114.739604228,-112.500054694
842,0.696736203053,0.347777811087,1.23112518866,-63.5421213756,-61.979516041
843,0,0,0.390118827055,-4.10782936399,-2.55675468815
844,0.82775390507,0.394658895605,1.51139178501,-45.8373498261,-44.5001583333
845,0.0711767101628,0.00405754598566,0.314872542591,-13.2858742304,-11.9692783844
846,2.42662673408,1.62879059159,3.47189108298,-163.991377267,-162.527315172
847,1.03252204285,0.492865743699,1.88504472484,-61.2170004011,-59.8281202314
848,0,0,0.390118827055,-4.10782936399,-2.55675468815
849,0.223718690511,0.055568296253,0.582931535313,-26.6699289192,-25.2204850199
850,0,0,0.348378701024,-5.81948749611,-4.18700930487
851,0.558092056478,0.238922829302,1.08755302097,-48.1790215035,-46.7433358605
852,0.160629549448,0.0266542171635,0.498689217612,-17.1147915204,-15.7817669221
853,1.40354555751,0.804393488644,2.25300288,-95.9593929632,-93.5757100181
854,0.20288858278,0.0115699872292,0.896346492241,-11.3673117647,-10.4746845794
855,0.263332728126,0.0653464594444,0.686656172154,-23.5356514044,-22.2060775477
856,0.805481894402,0.399579963717,1.43644143648,-54.4660994398,-53.0814755432
857,0.548890677194,0.195462731641,1.19594128687,-38.5430346689,-37.3142193209
858,0.0712150653975,0.00405972747644,0.315042935336,-11.1696192726,-9.85323919633
859,0.202997488145,0.0115761558214,0.896838697275,-12.1244960488,-11.2320982783
860,0,0,0.135390286896,-5.4224407315,-2.93528080002
861,0.221549742951,0.0367328689869,0.689316177831,-23.3320414427,-22.1399891267
862,0.429417804643,0.153630743548,0.926937036161,-35.3025419374,-34.0191666508
863,0.160058550827,0.00913003895977,0.706461371203,-11.6153651826,-10.6219562627
864,0.407717056301,0.161587146053,0.830474627661,-41.4457136764,-40.1091238868
865,2.40294422291,1.5710745757,3.51360168277,-148.258484288,-146.781455117
866,1.54966323469,0.901385993425,2.46858450846,-97.5289940204,-94.8188200945
867,0,0,85.3154648883,-2.71240434199,-2.68535441005
868,1.3447632263,0.77929867296,2.15377666517,-94.5572649906,-92.3030060984
869,0.387544630018,0.121486161961,0.891755409147,-31.0981506921,-29.852543246
870,0.417175621217,0.149028302617,0.90262204535,-39.3431283269,-38.0576806625
871,0.563451781974,0.223533526346,1.14654069224,-44.282130773,-42.9454990894
872,10.0962195597,1.85693602152,63.7822242967,-13.2647616772,-10.7058648147
873,0.601728435742,0.214459212033,1.30753339704,-38.5166374418,-37.3133942861
874,1.3743149455,0.776442523628,2.22325588537,-81.3999459057,-79.1409748975
875,0.469133493826,0.116450349955,1.21894888544,-21.5137659684,-20.4603946264
876,0,0,0.154125034761,-5.02724491761,-2.68535441005
877,1.04072946401,0.480201810211,1.92097970766,-51.4030279256,-50.0210011303
878,0.683767224604,0.291771021306,1.33838408118,-44.1687265064,-42.8300282578
879,0.318345680769,0.0788755038151,0.833142297953,-29.0577009335,-27.8445611922
880,0.453808888396,0.140126780869,1.06578065478,-30.2485178637,-29.0681900124
881,0.337040047924,0.104278368708,0.789116685309,-27.5345152557,-26.2410577127
882,0.644572590349,0.276692240295,1.24939156537,-45.4987782677,-44.1128105422
883,0.359483811162,0.111160741134,0.842092715284,-29.3485223023,-28.0864017233
884,0.576771604703,0.205964790317,1.24961797294,-41.31128353,-40.0916158177
885,0.638610634823,0.15997715173,1.64443849896,-23.3250809831,-22.3460070679
886,0.532703601362,0.210500029428,1.09155714632,-37.5316912557,-36.1928482636
887,0.764166741322,0.381283972348,1.34788415737,-54.3494795373,-52.9044940656
888,0.705912089186,0.320790084042,1.3263518843,-45.0826200795,-43.683656434
889,0,0,106.067971404,-3.11095446283,-3.09048826768
890,0.829496361849,0.412727422466,1.4726425002,-63.4148289104,-62.0488653121
891,0.505561892483,0.200607990757,1.02782102696,-42.0580714021,-40.7045206146
892,1.10909076467,0.598978341882,1.85328625507,-72.2153806914,-70.6632910194
893,0.380527760005,0.135833880907,0.825072238583,-31.6675002034,-30.3648062255
894,0.0808152024319,0.00460697068678,0.357512106765,-10.7362173522,-9.46876792796
895,0.622882470913,0.270327030836,1.19561317012,-48.0619915881,-46.636175715
896,0.48573069362,0.120651513606,1.26529298707,-29.1031762138,-28.063011227
897,0.334940896703,0.0830046765936,0.876933653026,-23.8923978114,-22.705155041
898,0.231617592466,0.0574995467664,0.603427281466,-21.9840925525,-20.5608210231
899,0.586029619529,0.231260403277,1.20355279433,-39.5570848154,-38.24428475
900,0.172528142821,0.00984436869391,0.760636225334,-14.918915903,-13.9568905004
901,1.21685083223,0.649039482119,2.06289998083,-81.5815125853,-79.8350224286
902,0.201359039485,0.0114741581952,0.891837756986,-9.407289377,-8.51262698207
903,1.17157062026,0.462993610234,2.39821025798,-44.7100705748,-43.3375387463
904,0.588823836128,0.233048736126,1.20334121582,-35.4383858703,-34.1210173191
905,0,0,0.390118827055,-4.10782936399,-2.55675468815
906,0.0957793248575,0.00546083532084,0.423467848022,-15.699554427,-14.4964703357
907,0,0,0.136580537845,-5.35098052931,-2.87379135476
908,0.417861209534,0.148833329823,0.911500303287,-35.5617819477,-34.2824352707
909,0,0,0.167818749346,-5.39055433812,-3.13748229128
910,0.143400429747,0.0237902946276,0.445443457089,-17.1923583913,-15.828252972
911,0.307600349653,0.0768060279827,0.794145447215,-23.5414500704,-22.3008897698
912,0.739603261399,0.229491125929,1.72104995804,-37.347197309,-36.2775203545
913,0.637586686153,0.0321465257743,1182.40579855,-9.21730869401,-8.93494845325
914,0,0,10000,-2.93528080002,-2.93528080002
915,0,0,10000,-2.37627677465,-2.37627677465
916,0,0,10000,-2.98662030827,-2.98662030827
917,0,0,10000,-3.00933732977,-3.00933732977
918,0,0,10000,-3.20599117887,-3.20599117887
919,0,0,10000,-4.16125694357,-4.16125694357
920,0,0,10000,-2.93528080002,-2.93528080002
921,0,0,10000,-3.13748229128,-3.13748229128
922,0,0,10000,-3.13748229128,-3.13748229128
923,0,0,10000,-2.37627677465,-2.37627677465
924,0,0,10000,-2.68535441005,-2.68535441005
925,0,0,10000,-2.93528080002,-2.93528080002
926,0,0,10000,-2.55675468815,-2.55675468815
927,0,0,10000,-3.59598999452,-3.59598999452
928,0,0,10000,-2.98662030827,-2.98662030827
929,0,0,10000,-3.13748229128,-3.13748229128
930,0,0,10000,-3.13748229128,-3.13748229128
931,0,0,10000,-3.13748229128,-3.13748229128
932,0,0,10000,-3.09859727092,-3.09859727092
933,0,0,10000,-2.68535441005,-2.68535441005
934,0,0,10000,-3.13748229128,-3.13748229128
935,0,0,10000,-2.51292451348,-2.51292451348
936,0,0,10000,-3.29878956153,-3.29878956153
937,0,0,10000,-3.13748229128,-3.13748229128
938,0,0,10000,-2.68535441005,-2.68535441005
939,0,0,10000,-3.00933732977,-3.00933732977
940,0,0,10000,-2.68535441005,-2.68535441005
941,0,0,10000,-3.13748229128,-3.13748229128
942,0,0,10000,-3.00933732977,-3.00933732977
943,0,0,10000,-2.37627677465,-2.37627677465
944,0,0,10000,-2.68535441005,-2.68535441005
945,2.39479486955,0.380366312452,487.453028221,-9.67076532058,-8.82073569626
946,1.13916141801,0.619778456265,1.91135412995,-71.6034628357,-69.9924631503
947,1.95591584764,1.24755184819,2.90813285847,-124.590789567,-122.227209721
948,1.0286331307,0.546508617646,1.74665269086,-71.8881658567,-70.4610690187
949,582.941605839,0.930283425312,10000,-14.0466910193,-12.2480685135
950,2.22981200324,0.148992258938,10000,-6.22618842332,-5.62335415453
951,0,0,10000,-2.68535441005,-2.68535441005
952,0,0,10000,-2.68535441005,-2.68535441005
953,3.70628799529,0.817205704862,13.5253102758,-12.7893431869,-11.5014104032
954,2.86193594337,1.90303578272,4.14295107433,-134.154125957,-132.666601638
955,3.24436418945,1.96437341479,5.04694463533,-112.852177212,-111.085953159
956,3.04377057883,1.81928763631,4.8980598314,-118.449933909,-116.886801819
957,1.29640369424,0.715089868111,2.14007801742,-80.9069263185,-78.9171008003
958,2.60945508898,1.65967113754,3.90476495466,-137.124174795,-135.7380065
959,1.69325138731,0.96504660123,2.74397387429,-95.3130500009,-92.8251270758
960,0.830436945575,0.428788482453,1.43506414062,-66.0818194119,-64.6905992924
961,2.08979139834,1.20713511967,3.36645993517,-89.2989129851,-87.5454436642
962,0.343428688246,0.106223938486,0.804400289705,-34.7188400158,-33.4353316631
963,2.0931728388,0.112204831442,10.0294165682,-11.5621713211,-11.0093249363
964,1.17087475162,0.0625662903669,7.5058774276,-10.4231644784,-9.97129341465
965,3.68295312416,2.56335654499,5.13149817234,-216.995375308,-213.887915864
966,0.514148359874,0.202126602685,1.05940225621,-39.4448688396,-38.1105372986
967,1.23022990048,0.673451930191,2.0413542631,-102.347942173,-100.531351888
968,0.454321173773,0.179494197935,0.93075781846,-35.5771262918,-34.2373206042
969,0.240026388255,0.0398431350744,0.744459989955,-18.5140450265,-17.3584485377
970,0.168133225707,0.0278760743299,0.523095350752,-14.4620572717,-13.1470332643
971,2.14473098555,1.29722565571,3.34225324489,-134.027715566,-132.291588333
972,0.0638974262624,0.00364478798115,0.282041621593,-9.3941614128,-8.03174822102
973,0.142578131406,0.0236742632692,0.441897746419,-16.1054177374,-14.7382740143
974,0,0,0.183929137386,-4.86975159704,-2.7069163094
975,0.634655899808,0.288397422396,1.19306704896,-50.6166598122,-49.1363036025
976,0.081533218259,0.00464429905566,0.361729309309,-11.0863119851,-9.82347743999
977,0.205683090029,0.0510485084198,0.535721197355,-23.0249240634,-21.5129809041
978,0.143577607636,0.0238157397559,0.446212753241,-15.762902198,-14.3994287779
979,0,0,0.390118827055,-4.10782936399,-2.55675468815
980,0,0,0.167818749346,-5.39055433812,-3.13748229128
981,0,0,0.135390286896,-5.4224407315,-2.93528080002
982,0.715837597317,0.345417228519,1.29326958444,-49.9071607853,-48.4343466088
983,0.0847292000912,0.00483387059473,0.373768466894,-12.7410163655,-11.4902023041
984,0,0,0.390118827055,-4.10782936399,-2.55675468815
985,0,0,0.183929137386,-4.86975159704,-2.7069163094
986,0,0,0.159586075094,-5.90046193137,-3.59598999452
987,0,0,0.390118827055,-4.10782936399,-2.55675468815
988,0,0,0.128710833508,-5.70981642376,-3.1619484124
989,0.0707694323976,0.00403631055317,0.312508438084,-11.1108569814,-9.79128707053
990,0,0,0.390118827055,-4.10782936399,-2.55675468815
991,0.244309041584,0.0604595741121,0.640422044587,-18.7555970207,-17.376802043
992,1.46359761968,0.86169559004,2.32011271231,-86.1469997041,-83.5009381725
993,0.0745650344905,0.00425267829874,0.329308803963,-10.455230768,-9.15624803017
994,0.536949041155,0.229828188419,1.04505486838,-43.3849033202,-41.9448475045
995,0.506741514014,0.199601077556,1.04308879739,-32.9286372777,-31.5912427582
996,0.222897935137,0.0369457271307,0.69342695787,-18.7386180455,-17.5494401968
997,1.15600961361,0.526029396494,2.16783566219,-58.9977407816,-57.5083788228
998,0.400560890105,0.124013624151,0.936347955436,-31.7114920877,-30.4886400162
999,0.191738568538,0.0475959795409,0.499191938531,-23.5419217129,-21.9826163174
1000,0.175353749861,0.0291034152192,0.5440613181,-23.3260680491,-22.0254138815
1001,0,0,0.121072054448,-6.3552209026,-3.73051976
1002,0,0,0.310326324362,-4.80956774968,-3.09048826768
1003,0.240267488703,0.0398937193877,0.744697265719,-15.2940653524,-14.13852227
1004,0.223171944406,0.0369899016767,0.69364204567,-19.9440147749,-18.7548990012
1005,0,0,0.121228984443,-5.60988586599,-2.98662030827
1006,0.519704701782,0.205605147741,1.06202291866,-43.7921178105,-42.4470001441
1007,0,0,0.390118827055,-4.10782936399,-2.55675468815
1008,0.931181930309,0.464232296079,1.64620970586,-70.0060068917,-68.6636845784
1009,1.28076812254,0.581917350528,2.40604434084,-51.4805779771,-49.8639399459
1010,0.380663078366,0.136115817801,0.822845067257,-29.9691572016,-28.6647588146
1011,0,0,0.167818749346,-5.39055433812,-3.13748229128
1012,0.126875216544,0.0210843759419,0.392393190619,-18.9638470987,-17.5788192677
1013,0.301798036428,0.0933014635173,0.707454123358,-26.9130169334,-25.5495224094
1014,0.232785272467,0.038586707658,0.723637993339,-19.8067482894,-18.6379619767
1015,0.208574642283,0.0517809505866,0.542906374837,-22.8331198922,-21.3305168371
1016,0,0,0.310326324362,-4.80956774968,-3.09048826768
1017,0,0,0.209513685525,-4.41883712337,-2.37627677465
1018,0.199835689695,0.011387927433,0.885000643397,-8.76524543038,-7.86736698041
1019,0,0,0.136580537845,-5.35098052931,-2.87379135476
1020,0.162131249118,0.00925008248259,0.715104212419,-12.3776221637,-11.389344095
1021,0,0,0.142149632071,-5.11569551253,-2.68489387767
1022,0,0,0.183929137386,-4.86975159704,-2.7069163094
1023,0,0,0.121072054448,-6.3552209026,-3.73051976
1024,0,0,0.128710833508,-5.70981642376,-3.1619484124
1025,0.142786619321,0.0236886108938,0.443544575119,-16.6324550087,-15.2674236662
1026,0,0,0.390118827055,-4.10782936399,-2.55675468815
1027,0,0,0.121228984443,-5.60988586599,-2.98662030827
1028,0.499083074711,0.196639752172,1.02740338066,-43.5502680252,-42.2121644752
1029,0.23907357294,0.0396837213534,0.741588037807,-18.5744234702,-17.4169890464
1030,0,0,0.154125034761,-5.02724491761,-2.68535441005
1031,0.370300453193,0.0615237963906,1.14577126874,-22.21079279,-21.2460546459
1032,0.172855926537,0.0286899865683,0.536275323264,-20.0439856131,-18.7374914215
1033,0.343929914461,0.0851213953486,0.902408145993,-26.5946855482,-25.4215133434
1034,0,0,0.390118827055,-4.10782936399,-2.55675468815
1035,0.329522757844,0.081691408313,0.862178661829,-25.7495401759,-24.5537947762
1036,0.170176800914,0.0282705724667,0.526780743747,-16.4633677203,-15.1489587235
1037,0,0,0.390118827055,-4.10782936399,-2.55675468815
1038,2.74362573095,1.79050645472,4.02786924838,-148.177005659,-146.764246851
1039,0.663928614448,0.26232923598,1.35990441007,-44.6281707044,-43.3613166664
1040,0.629360524323,0.249173628413,1.28578114389,-41.1057978289,-39.8132316548
1041,1.69482761525,1.02882384031,2.62634525734,-112.107864503,-109.210019974
1042,1.0474438045,0.541778954322,1.81387134637,-61.2821608788,-59.8436012449
1043,0.166390423112,0.0276479958395,0.514735628726,-20.8536390697,-19.5302217912
1044,0.119600519739,0.00682009722242,0.5284726232,-11.8737614433,-10.7586391196
1045,0,0,0.183929137386,-4.86975159704,-2.7069163094
1046,0.507676810945,0.200089916748,1.0455544969,-34.4285921831,-33.0912998053
1047,1.50310385541,0.876767760151,2.38058105993,-103.440352,-100.752231915
1048,0.48573069362,0.12064376732,1.26243857419,-28.5262822269,-27.4849268075
1049,0.239699980351,0.0397870794838,0.743538815051,-19.8477389101,-18.6915837797
1050,0.0873922609697,0.00498309779729,0.386261326125,-13.2898982896,-12.051678406
1051,0,0,0.154125034761,-5.02724491761,-2.68535441005
1052,0.393462606828,0.121760851158,0.920481605673,-29.796313671,-28.5680147082
1053,0.119457627704,0.00681202408186,0.527820738588,-13.1416503544,-12.0260196143
1054,0,0,0.154125034761,-5.02724491761,-2.68535441005
1055,0.523451398512,0.224141755169,1.0183501323,-45.3793691186,-43.9394576764
1056,0.0804415923923,0.00458552886659,0.355899152895,-14.2728490959,-13.003688383
1057,0,0,0.162691540529,-5.29383414988,-3.00933732977
1058,0.0744806017588,0.00424791051632,0.328923002169,-10.284617868,-8.9851797974
1059,0.096332478822,0.00549235607418,0.425929571539,-13.4857340587,-12.2848769713
1060,0,0,0.135390286896,-5.4224407315,-2.93528080002
1061,0.572857118073,0.20421257426,1.24620109409,-37.3433148943,-36.125358356
1062,0,0,0.136580537845,-5.35098052931,-2.87379135476
1063,0.119670338746,0.00682399154607,0.528832089442,-10.4206387358,-9.30578919968
1064,0.663168976831,0.30125642155,1.24558396804,-59.8365852741,-58.3875819609
1065,0.0802580921974,0.00457510331275,0.355081457845,-12.7164359847,-11.446400294
1066,0.225085777832,0.0372724463588,0.700076673989,-20.3043719003,-19.1198572042
1067,0.377528440768,0.0936526107453,0.98421627804,-25.8222239144,-24.686574688
1068,1.34775338371,0.765146160788,2.19661931004,-91.8845853124,-89.6955188421
1069,0,0,0.162691540529,-5.29383414988,-3.00933732977
1070,1.17884780936,0.673117124361,1.90338473564,-116.6591254,-114.908186712
1071,0.720137201449,0.344161220902,1.31032650975,-57.4676141362,-56.0166374151
1072,0.945116840015,0.517926236438,1.56858721246,-76.7180967683,-75.3459926526
1073,0.162467781166,0.0269888645289,0.502964311237,-20.1572777373,-18.8258679232
1074,2.49981138326,1.63657108529,3.66111770358,-155.6626275,-154.251521033
1075,0.271824154923,0.0842675343526,0.633740759227,-34.6667287423,-33.2081813264
1076,0,0,0.310326324362,-4.80956774968,-3.09048826768
1077,0,0,0.348378701024,-5.81948749611,-4.18700930487
1078,0.727445241757,0.347152369299,1.32666519622,-52.2862234565,-50.848360681
1079,0.120253633444,0.0068561653178,0.531691503832,-11.8083127456,-10.6957280556
1080,0.08029450261,0.00457717111291,0.355250112784,-11.6930224748,-10.423157485
1081,0.509002317722,0.126304705599,1.32650030271,-22.5754951456,-21.5510861329
1082,0.420911044621,0.150406666128,0.91065596538,-25.00706183,-23.7228108921
1083,1.37432887076,0.751905244954,2.28260283446,-101.312586763,-99.1682461787
1084,0.165583240328,0.00944002235795,0.732067930463,-10.4296933037,-9.45153140743
1085,0,0,0.390118827055,-4.10782936399,-2.55675468815
1086,0,0,0.135390286896,-5.4224407315,-2.93528080002
1087,0.411768922384,0.147723701621,0.885073046205,-37.8456123922,-36.5532868017
1088,1.5831270528,0.902399429998,2.56128052808,-95.8178675746,-93.2302232711
1089,0.755862175522,0.342846579805,1.4248619846,-48.6129420337,-47.2671432915
1090,0.910298881779,0.412154964749,1.72257897399,-46.7326417139,-45.4362406011
1091,0,0,0.167818749346,-5.39055433812,-3.13748229128
1092,0,0,0.390118827055,-4.10782936399,-2.55675468815
1093,0,0,0.183929137386,-4.86975159704,-2.7069163094
1094,0.325849065801,0.100992567242,0.759515665692,-37.348043173,-36.0330525153
1095,0,0,0.390118827055,-4.10782936399,-2.55675468815
1096,1.71728979948,1.04675585278,2.64350556066,-104.41853932,-101.521169431
1097,2.66550693037,1.57477132879,4.23819687825,-92.4735372072,-91.0856797612
1098,0.239119198831,0.0396918422394,0.741703910024,-19.8811078907,-18.7237430686
1099,0.66431165012,0.301390716966,1.25191540092,-54.2022230039,-52.7590743465
1100,0.127216025855,0.0211271970513,0.394124425438,-18.2112682913,-16.8277351256
1101,0.161099920659,0.00919086610196,0.710656231034,-10.5549891654,-9.56406241483
1102,0.297262888979,0.0918975924701,0.696481184684,-29.312121554,-27.9366255459
1103,1.30029951966,0.726261824903,2.13390061938,-72.3830973759,-70.3553277175
1104,1.06407799935,0.559235616262,1.82163992528,-64.8285895728,-63.3621687582
1105,0,0,0.390118827055,-4.10782936399,-2.55675468815
1106,0.522924811282,0.223480542322,1.02082918533,-48.0483984296,-46.6139989309
1107,0.489374823282,0.175110800771,1.05797596952,-36.4978344481,-35.2340372189
1108,0,0,0.229418701654,-5.26163704322,-3.29878956153
1109,0.541663514768,0.217215595733,1.09088301404,-39.0577874385,-37.6945538381
1110,0.762814263561,0.326494490254,1.48596025049,-45.6090243316,-44.3223599416
1111,0,0,0.135390286896,-5.4224407315,-2.93528080002
1112,0,0,0.209513685525,-4.41883712337,-2.37627677465
1113,0.274788751761,0.0677570530823,0.725034038946,-29.9884571523,-28.6954151823
1114,0,0,0.159586075094,-5.90046193137,-3.59598999452
1115,0,0,0.121228984443,-5.60988586599,-2.98662030827
1116,0,0,0.136580537845,-5.35098052931,-2.87379135476
1117,0.17538821251,0.0291117442321,0.544057032153,-17.8936531998,-16.5929156693
1118,0.174901914945,0.0290290060432,0.542631759654,-17.7384712573,-16.4367281715
1119,0,0,0.135390286896,-5.4224407315,-2.93528080002
1120,0.165213448278,0.0273871975941,0.514265694274,-16.8476840859,-15.5265670662
1121,0,0,0.159586075094,-5.90046193137,-3.59598999452
1122,0.270442403407,0.0448854331672,0.83934459734,-20.3855716664,-19.2866079845
1123,0,0,0.183929137386,-4.86975159704,-2.7069163094
1124,0.0741244927023,0.00422758766891,0.327344210628,-14.7558557197,-13.4545586588
1125,0.807682058889,0.402933432011,1.42732250908,-60.1852262302,-58.7972899577
1126,0,0,0.390118827055,-4.10782936399,-2.55675468815
1127,1.38691207456,0.728123217847,2.35829276206,-74.4743055619,-72.4233451523
1128,0.119219235756,0.00679857590328,0.526727233561,-10.8651279454,-9.74864243276
1129,0.78536900561,0.375751330427,1.42406385029,-53.3694506882,-51.9953562988
1130,0.713893623393,0.281736279231,1.4640153845,-41.5783952439,-40.3409292429
1131,0.294515337761,0.0911104499772,0.689052068325,-27.9723155763,-26.5885461717
1132,0,0,0.155363012907,-5.43146947144,-3.09859727092
1133,0,0,0.121228984443,-5.60988586599,-2.98662030827
1134,0,0,0.121228984443,-5.60988586599,-2.98662030827
1135,0.161616747821,0.00922082044502,0.712804048346,-11.3413625235,-10.3517112014
1136,0.452571149345,0.140250384261,1.05802361328,-26.2302979425,-25.0450673455
1137,0.550462507332,0.217787090609,1.12454877665,-31.3543165332,-30.017778242
1138,0,0,0.390118827055,-4.10782936399,-2.55675468815
1139,0.18619212906,0.0309068997232,0.577633602987,-17.5415511361,-16.2662857107
1140,0.489102981544,0.193721762118,0.997620084134,-38.1361343587,-36.786680761
1141,0.648205081559,0.295140037454,1.21496491754,-47.0588669503,-45.5881615931
1142,0.742003306221,0.35459437697,1.34759543289,-61.4378624056,-60.0154786594
1143,0,0,0.390118827055,-4.10782936399,-2.55675468815
1144,0,0,0.390118827055,-4.10782936399,-2.55675468815
1145,0,0,0.121228984443,-5.60988586599,-2.98662030827
1146,0,0,0.183929137386,-4.86975159704,-2.7069163094
1147,0.376712247654,0.134706476493,0.814306236018,-35.2358815856,-33.9286043763
1148,0,0,0.390118827055,-4.10782936399,-2.55675468815
1149,0,0,0.154125034761,-5.02724491761,-2.68535441005
1150,0.0638376657846,0.00364250219765,0.281460037651,-12.6081698581,-11.244983716
1151,0,0,0.154125034761,-5.02724491761,-2.68535441005
1152,0,0,0.136580537845,-5.35098052931,-2.87379135476
1153,0.339478041594,0.056290142321,1.05513447163,-21.1850964941,-20.1875529634
1154,0,0,0.162691540529,-5.29383414988,-3.00933732977
1155,0.564236350517,0.201074846175,1.22715256836,-38.9318841144,-37.7093487208
1156,0.0808152024319,0.00460697068678,0.357512106765,-10.7362173522,-9.46876792796
1157,0.398935353074,0.0661376472823,1.24101340127,-13.7736363605,-12.8399282826
1158,0.363508740718,0.0901558671835,0.948186937125,-24.711830665,-23.560125822
1159,0,0,0.390118827055,-4.10782936399,-2.55675468815
1160,0.218178057764,0.0540923978004,0.56975497003,-26.6636309487,-25.1974560629
1161,0.168712923132,0.0280224942995,0.522489847168,-19.0205282026,-17.7031616485
1162,0.285725391219,0.0709540143209,0.743197554426,-24.2721190472,-22.9938776916
1163,0.5009897433,0.1978506724,1.02712502483,-42.0215150974,-40.6784068279
1164,0.674640835332,0.266073831903,1.38652238301,-53.945350856,-52.688087037
1165,0.3355830685,0.12002048087,0.724355098705,-34.571141975,-33.2127967256
1166,0,0,0.153563779876,-5.03115518999,-2.68535441005
1167,0.192763998352,0.047914156201,0.500867556192,-22.1187571069,-20.560371714
1168,0.223992520515,0.0371298782906,0.697035371645,-20.1251596938,-18.9385230474
1169,0,0,0.154798755991,-5.43534967217,-3.09859727092
1170,1.04418370325,0.47596505873,1.95794659258,-54.3883433398,-53.0112141425
1171,0,0,0.134898139236,-5.42673653962,-2.93528080002
1172,0.0747415215252,0.00426299132046,0.330007833876,-9.67953643105,-8.38137031418
1173,0,0,0.167208180096,-5.39424689846,-3.13748229128
1174,0,0,0.159006753609,-5.90427060039,-3.59598999452
1175,0.875724461938,0.433272804008,1.56702351804,-59.1894158599,-57.8501544409
1176,1.39102973905,0.776903700523,2.28595051871,-90.3254267412,-88.0817174607
1177,0.431745277276,0.154514090713,0.931542067859,-38.2345096437,-36.9514779597
1178,0,0,0.183259758063,-4.87324602257,-2.7069163094
1179,0.495195224121,0.197419077691,1.00102047307,-39.0863555161,-37.7247567348
1180,0.924206361325,0.474655753455,1.60935521266,-69.5850662788,-68.2339228093
1181,1.12749929413,0.632879064613,1.83935091202,-68.5996380981,-66.9862159929
1182,1.09623825465,0.521596768862,2.00762061295,-54.4726867852,-53.0199449512
1183,2.77583550616,1.57984140483,4.49250556478,-88.7473374691,-87.3383639812
1184,0.773301730233,0.370445140233,1.40284650223,-61.3576650922,-59.9716075811
1185,0.97537029436,0.500503708625,1.70243587285,-78.9210028821,-77.5505281701
1186,1.09862567666,0.583047780973,1.86920744356,-59.1283146742,-57.6064609671
1187,3.73291522188,2.58795172639,5.23111094068,-170.502705181,-167.301639644
1188,0.203602840225,0.0116107549628,0.899512652361,-11.3756606573,-10.4844941664
1189,1.97454563414,1.07958305525,3.30167350075,-83.4752383356,-81.6440631924
1190,0,0,10000,-2.87379135476,-2.87379135476
1191,1.75303822233,1.02467936456,2.77628384877,-107.94172033,-105.403038609
1192,0.745785404324,0.355535119003,1.36094172151,-49.7568698888,-48.3438637361
1193,2.78246832097,1.6513274352,4.36075242644,-109.911315356,-108.494912106
1194,1.44668846929,0.880611991423,2.2341927387,-117.011045823,-114.20107908
1195,0.942124074824,0.373384806807,1.91922475723,-45.0062088634,-43.7664861865
1196,1.58455678989,0.951130846765,2.46959868547,-102.01983158,-99.0720676337
1197,0,0,4.2175004368,-3.46836769008,-3.09048826768
1198,0,0,80.4588658924,-2.71135250429,-2.68535441005
1199,0,0,85.2757755764,-3.16138321851,-3.13748229128
1200,0,0,80.4588658924,-2.71135250429,-2.68535441005
1201,0,0,85.2757755764,-3.16138321851,-3.13748229128
1202,1.07789921909,0.0582508802447,6.57159794239,-7.82394363497,-7.36236259991
1203,1.14540948019,0.611162902691,1.93408375923,-85.1031198002,-83.4951962924
1204,0.914232133219,0.455263893351,1.62124411121,-66.783087505,-65.4441788015
1205,0.294412588952,0.0487331571737,0.920908319472,-20.65427058,-19.5984868476
1206,0,0,0.153563779876,-5.03115518999,-2.68535441005
1207,0,0,0.141632881291,-5.1198346649,-2.68489387767
1208,0.119168783273,0.00679518549168,0.526661575174,-12.8343250596,-11.7178115855
1209,0.192261719189,0.0319027913303,0.59688511495,-20.9401981979,-19.6798695487
1210,0.223426546432,0.0371076187523,0.692368570605,-15.9819761896,-14.7913248078
1211,0.334049913903,0.0827185068193,0.874426662487,-29.0330066215,-27.8443545689
1212,0.221082681823,0.0547398289131,0.57955355756,-26.1820595897,-24.7292195444
1213,0.190762583384,0.031663151459,0.591799259305,-14.3983958985,-13.1339902683
1214,0,0,0.153563779876,-5.03115518999,-2.68535441005
1215,0,0,0.208749981184,-4.42210117215,-2.37627677465
1216,0.104004026044,0.00595256702753,0.454958732993,-11.0670587894,-9.8907084961
1217,0.392150865845,0.14012424627,0.848689294089,-39.0173311964,-37.720897611
1218,0.10249663204,0.00584203031137,0.453695864316,-10.6534474758,-9.47728501498
1219,0.941702122131,0.469947310713,1.66321507897,-65.1829000052,-63.8371729771
1220,0.797874013978,0.340166741159,1.56445353416,-51.2248045709,-49.9577340902
1221,0.0789268812578,0.0044986131051,0.349352319678,-12.8459865274,-11.5697793718
1222,0.336369391141,0.0833379861073,0.880218942217,-25.4687252323,-24.2832696544
1223,0.447094314503,0.177402029666,0.908520173495,-38.9007454962,-37.5549075259
1224,0.252209823687,0.0626303708959,0.655226615404,-23.3717846257,-22.0093437068
1225,1.08309372802,0.515978484265,1.98229572698,-58.6840868433,-57.2453890852
1226,0.956503041556,0.436575150989,1.79951518877,-51.1293994589,-49.8130227386
1227,0.560634720373,0.238984487908,1.09900199361,-39.7819174462,-38.3575329312
1228,0.56358523275,0.240388333498,1.104732633,-49.2661935849,-47.8420263956
1229,0.340634202701,0.105492898719,0.796258778665,-29.1779318861,-27.8891027348
1230,0.56181053853,0.241785584898,1.08833449239,-50.9380373271,-49.4918102172
1231,0.798841714577,0.399564727525,1.40757357703,-63.6001189056,-62.2005411552
1232,0.487191441136,0.150647044804,1.14035555635,-31.0981904797,-29.9368859803
1233,1.3123506033,0.777811433698,2.05784041247,-114.882244397,-112.649261264
1234,1.36172022365,0.7731989011,2.21537744876,-88.6636011962,-86.4351560548
1235,1.53283852882,0.937880437227,2.35149079954,-121.218156163,-118.146283911
1236,1.22262052965,0.649317129809,2.0789544429,-75.1457608081,-73.3936275082
1237,1.14450762616,0.64056603339,1.87125403658,-79.8143012097,-78.1658072178
1238,0.757608254113,0.361528687383,1.38135992862,-56.4558361389,-55.0564019615
1239,1.43637295445,0.843994244543,2.27856202081,-107.113944938,-104.544872772