site,MLE,Lower,Upper,LogL_global,LogL_local
1,0,0,10000,-3.34735631519,-3.34735631519
2,0,0,10000,-2.73169578876,-2.73169578876
3,0,0,10000,-2.69876983912,-2.69876983912
4,0,0,10000,-2.70978152187,-2.70978152187
5,0,0,10000,-2.56323349719,-2.56323349719
6,0,0,10000,-2.9153226283,-2.9153226283
7,0,0,10000,-2.82681415884,-2.82681415884
8,0,0,10000,-3.00635477591,-3.00635477591
9,0,0,10000,-2.56323349719,-2.56323349719
10,0,0,9.01358748314,-3.55592628305,-3.34735631519
11,0,0,10.1891761355,-2.9330968457,-2.73169578876
12,0,0,10.1891761355,-2.9330968457,-2.73169578876
13,0,0,10.2573713429,-2.91083836585,-2.70978152187
14,0,0,10.8249740962,-2.98536773041,-2.79606807268
15,0,0,10.2927245244,-2.89965089709,-2.69876983912
16,165.835775482,0.66487479817,10000,-7.25702517795,-5.62288223152
17,0.338802725246,0.019180525167,1.56753507672,-9.05496085994,-8.40548362088
18,1.21635076243,0.284234310597,4.54283399257,-18.5374021165,-17.7533971052
19,6.96538880552,1.94785562545,10000,-26.5792954508,-23.9384297408
20,6.8466244997,2.03975608558,26.6852972239,-27.1933742667,-24.4727797287
21,86.2890481638,0.299564389824,10000,-9.93528147606,-9.18052524994
22,79.3974671888,0.557386001054,10000,-12.8346969376,-11.7739173335
23,1.50269712804,0.2848815673,10000,-16.1168382474,-15.5081128466
24,2.5883306969,0.690796710618,15.4792103044,-23.5048883251,-22.4385891225
25,4.03451358475,1.03336790365,12.1174155136,-38.6490157774,-37.1960935668
26,1.57910925128,0.788199704185,3.1575172598,-52.3181499973,-50.6721962072
27,2.96353535707,1.53020171858,6.52028880451,-70.3577408808,-68.8479757159
28,3.00471648138,1.57984193336,6.23907870784,-80.6866072433,-79.150633239
29,1.89195769626,1.06187153134,3.45823031302,-80.2701323815,-78.5699073855
30,2.71448213534,1.53784845943,4.85245863797,-86.9425997135,-85.5147840208
31,1.70871950247,1.04750244784,2.80182287837,-101.753513856,-99.4298251061
32,5.37752503471,2.91524442542,10.7322252191,-127.830475356,-123.373620838
33,1.99299430949,1.31765208103,2.954212552,-136.500636265,-134.507853019
34,2.05313234281,1.41100010452,2.91884144981,-162.846743097,-160.896661554
35,1.93643480581,1.37468245898,2.67996622042,-196.910419632,-194.382898067
36,0.924380483302,0.694540682053,1.20246699817,-283.884103044,-282.432041292
37,1.17794861062,0.952932613417,1.43796697344,-492.358860714,-489.385899997
38,1.2059992147,0.980012568585,1.46663763643,-527.246110376,-523.790192587
39,302.407407407,1.90424879717,10000,-16.7583977893,-14.1085479598
40,0.764166741322,0.268978467933,1.72956849772,-33.0861561192,-32.0380347962
41,0.0201677901505,0.00335181969293,0.0623052551979,-25.920908688,-19.1851026551
42,1.15012694222,0.931046578101,1.40295729562,-420.084787425,-417.465833081
43,0.714129528557,0.549563443264,0.910895604359,-334.963567389,-330.453713727
44,0.532437681721,0.396310681751,0.697144048205,-289.011945321,-286.590751304
45,1.52964214273,1.26745706329,1.82944626838,-489.292803427,-477.521723904
46,0.798622207706,0.626350610932,1.00091908485,-420.416161674,-417.587674543
47,0,0,0.0191678604265,-14.9349828126,-2.73169578876
48,0.161352611219,0.0945825809305,0.254048241656,-120.631037337,-118.116750039
49,1.40762735877,1.15384662796,1.69996215015,-560.509498934,-552.766025485
50,0.153433360528,0.0882285585671,0.244972437135,-114.127479846,-111.919947234
51,1.01768302624,0.816602338743,1.2509018344,-487.931890391,-486.45772667
52,0.131234180086,0.0721436123848,0.216231343916,-100.374322735,-98.7579711732
53,0,0,0.0188188118186,-15.4126022357,-3.00635477591
54,0.326544079775,0.225881465526,0.453614054016,-215.039145227,-212.334163604
55,0.193265160386,0.118780192982,0.293963654924,-136.067605239,-132.022536962
56,0.319299799302,0.216456654577,0.450785280473,-171.583935404,-168.793103274
57,0.241032861285,0.153648834275,0.356801176133,-139.710624444,-134.166510277
58,0.756685802523,0.586840163793,0.957755354525,-366.407800466,-362.842721074
59,0.886681369388,0.700011858578,1.10524852978,-406.638143049,-404.930598059
60,1.29392145542,1.05464788714,1.5698452362,-477.626705406,-472.567712795
61,0.15185502668,0.0873286031064,0.242405596993,-112.674385364,-110.511792761
62,0.579005418176,0.435771948145,0.751350150906,-314.59899149,-311.113687836
63,1.01464495138,0.807136251721,1.25712051328,-411.135230861,-409.677693504
64,1.08530703664,0.871831972652,1.3334083424,-475.828372329,-473.940266583
65,1.41994049877,1.16562897399,1.71308313225,-579.122408007,-570.993781076
66,1.03130105961,0.825136190197,1.27113706554,-464.887802415,-463.359638444
67,0,0,5.58855237755,-3.1315749515,-2.79606807268
68,86.38781786,0.343124073265,10000,-7.15149515931,-6.01045396617
69,78.2166625621,0.339028025995,10000,-7.13589540164,-5.9948542085
70,79.4451517528,0.33911245436,10000,-6.69955114075,-5.55850994761
71,78.3601674053,0.654671458043,10000,-9.95583590159,-8.56209736026
72,0.468643804453,0.341499719418,0.624534499447,-252.003067145,-250.46295648
73,0.238939135195,0.153954346731,0.350809351787,-160.337583503,-154.493071132
74,0.740129262478,0.572811129148,0.93823286967,-307.901755881,-303.953615164
75,0,0,0.0191641367502,-14.9149688068,-2.70978152187
76,0,0,0.0184785239745,-16.0533138113,-3.44147778231
77,0.382191733637,0.270142314864,0.522061621707,-220.695233759,-219.053271295
78,0,0,0.0191641367502,-14.9149688068,-2.70978152187
79,0.029849064314,0.00742528571201,0.0774393866523,-34.2734279342,-28.8930459201
80,0,0,0.0193828668402,-14.6448270695,-2.56323349719
81,0,0,0.0188780158708,-15.3192516202,-2.94800489285
82,0.0195382503338,0.00324739530582,0.0603508798305,-29.3993796195,-22.3793051369
83,0.967893242206,0.772516098914,1.19527335163,-456.162015255,-454.774974412
84,0.0302566251396,0.007526663178,0.0784972248006,-33.4035742148,-28.1286323853
85,0.882770800604,0.696557061107,1.10095573617,-419.405468411,-417.667611665
86,0,0,0.0191641367502,-14.9149688068,-2.70978152187
87,0.140854436574,0.0774213721334,0.232128035445,-90.8531782173,-89.0487708213
88,0.0407099204137,0.0126391880983,0.0946340236267,-39.0755957012,-34.9830265975
89,0.25632046912,0.168427076235,0.370840392592,-154.459260596,-149.147661026
90,0.860077834739,0.675479000002,1.07682074496,-346.93915726,-345.001575068
91,0.255197152734,0.167636443667,0.369138178048,-160.069850001,-154.68757865
92,1.34183684113,1.09640207436,1.62432529521,-494.443914765,-488.329354604
93,0.101707963922,0.0509451779481,0.178548202301,-81.1521167564,-79.7472383166
94,1.09171469133,0.879490165701,1.33771308418,-485.754612613,-483.797923849
95,0.378633526824,0.26762815239,0.517196378577,-228.851495462,-227.166279626
96,0.0199450893927,0.00331488624399,0.061611221924,-25.4794246131,-18.6454548366
97,0.447526381792,0.32488570147,0.59824829402,-264.223368109,-262.803881367
98,1.07708911768,0.863537617469,1.3255145235,-447.394723222,-445.579865046
99,0.749865000649,0.580301965142,0.950741064416,-347.496207188,-343.799655946
100,0.708947769821,0.545371611045,0.903419459493,-349.504745136,-344.824192461
101,0.6825716373,0.525891695013,0.868273233078,-370.068340243,-364.602396504
102,0.752940297796,0.582546138948,0.954866592672,-355.780252626,-352.163213087
103,0.572639492983,0.428501089352,0.746858087876,-296.727645103,-293.46368233
104,1.05245013522,0.844904630826,1.29345087078,-462.295815075,-460.647581039
105,1.4108644959,1.15217496743,1.70992794049,-538.135189976,-530.540934358
106,1.18591136937,0.960629300009,1.44622717529,-497.858527426,-494.755293382
107,15.0128102482,0.0655379159882,10000,-6.50676946332,-6.14024762143
108,0,0,0.0191344816508,-14.9538603591,-2.73169578876
109,1.29548748997,1.05345966624,1.57541572245,-511.154073369,-506.144468303
110,0,0,0.0186605788961,-15.6845388611,-3.18363980732
111,1.33886448971,1.09284482167,1.62297929742,-520.445840271,-514.434294936
112,0.428140578446,0.30827117947,0.576081833312,-247.299787157,-245.913172347
113,1.17287006216,0.947384518621,1.43434392296,-468.384005631,-465.500833592
114,0.967737033899,0.769560980932,1.19929373354,-442.497115167,-441.11004278
115,1.23128107533,0.997027731851,1.5024570578,-485.404455837,-481.625358841
116,0.374101583686,0.263067798385,0.513096901351,-233.96568488,-232.229504041
117,0.00999226748479,0.000570300638522,0.0440113773324,-20.9685248608,-12.1601072495
118,2.65133085319,2.22949660904,3.14090207218,-704.184063199,-702.541545327
119,1.55050510711,1.27773237109,1.86482512708,-580.69473531,-568.930907358
120,0.0801495140102,0.036612515378,0.149295934113,-67.6275922657,-65.846991437
121,0.352940559929,0.246886041417,0.486055437933,-227.683632441,-225.597894106
122,0.0299116741212,0.00743685262966,0.0776021449667,-32.8497443056,-27.4858265526
123,0.530240934949,0.394560590236,0.694540764222,-285.844170574,-283.463226777
124,0,0,0.0188780158708,-15.3192516202,-2.94800489285
125,1.36195865703,1.11498836053,1.6462587031,-540.17501894,-533.53490661
126,0.800286358049,0.626039624007,1.00551667995,-408.978205185,-406.21331498
127,0.0100030674208,0.000570917799949,0.0440590633208,-20.6612278869,-11.8634250338
128,1.67150389755,1.38667789247,1.99797764502,-610.80402344,-599.326857489
129,0,0,10000,-2.69876983912,-2.69876983912
130,0,0,10000,-2.82681415884,-2.82681415884
131,0,0,10000,-2.70978152187,-2.70978152187
132,0,0,10000,-2.9153226283,-2.9153226283
133,0,0,10000,-3.44636585539,-3.44636585539
134,0,0,10000,-3.28507268663,-3.28507268663
135,0,0,10000,-2.56323349719,-2.56323349719
136,0,0,10000,-3.11957238432,-3.11957238432
137,0,0,10000,-2.56323349719,-2.56323349719
138,2.45972281193,2.0815668912,2.89185317567,-651.146213002,-649.749198894
139,15.0580625296,0.065104507554,10000,-5.92130173714,-5.55676119771
140,15.0582016967,0.0651045174717,10000,-6.08067683721,-5.71613629778
141,15.0578929151,0.0651044954655,10000,-5.9896446896,-5.62510415017
142,1.42165966459,1.16290649952,1.71987170528,-527.620928604,-519.680196191
143,1.6264145479,1.34562564454,1.94913950795,-617.221934772,-604.7449352
144,2.3760317884,1.9897245628,2.82407872044,-706.41906788,-704.893734857
145,2.92213498714,1.36194725833,10000,-62.2670093217,-60.8207545303
146,0.990676079383,0.457902004822,1.91735304879,-50.9017576781,-49.6372181896
147,2.75682162049,2.32097109267,3.26708749141,-767.423504569,-765.360068298
148,2.96439625916,2.48983686981,3.52750414604,-791.811227968,-788.50610228
149,1.98524668862,1.58347584752,2.46265887167,-399.303122317,-395.789256939
150,2.74940321842,1.17983667529,13.9607931404,-48.4106236652,-47.0543995374
151,2.00975458667,1.6539707076,2.42318648384,-573.553378855,-569.633033072
152,3.07845461463,2.52929542795,3.74109934116,-597.293803304,-593.672113147
153,122.298916115,2.39209649026,10000,-37.9620180756,-34.7984141723
154,4.86047913949,3.1643552314,8.38857501381,-166.874481222,-160.725406189
155,3.89755711179,0.711785103643,10000,-16.8878931823,-15.6703374371
156,163.95257031,1.9506199155,10000,-19.2894835974,-16.5557964853
157,2.93817852191,0.489729161068,10000,-17.0659511687,-16.1499945117
158,163.95257031,2.34294915216,10000,-20.9559334623,-17.8472202993
159,6.61844834483,3.21476018539,10000,-88.4733373763,-83.2484326768
160,1.74005380882,1.43697227894,2.08902975237,-560.512310203,-551.444101369
161,2.01757246196,1.68654079597,2.39850924115,-680.240776118,-675.990752434
162,1.55143146256,1.27807872968,1.86704114234,-601.854571448,-590.087240283
163,2.04155049315,1.710933795,2.42108063606,-693.565315944,-689.558298185
164,2.40533442153,2.0158962304,2.85787439018,-712.607314699,-711.14484626
165,1.75268299226,1.4597106676,2.08785152665,-555.67778301,-546.233823998
166,2.25491369706,1.89230541364,2.67241351714,-690.795076429,-688.761936966
167,2.60448739274,2.19044881103,3.08897564355,-756.796291833,-755.278668112
168,1.69098476753,1.40116740285,2.02386408858,-607.614169659,-596.896419799
169,1.21817381303,0.987273273429,1.48517491294,-486.777165882,-483.185690237
170,3.28457473581,2.74490094407,3.9424351676,-803.730034701,-797.771310026
171,1.40506834348,1.15508346842,1.69177764797,-551.437427918,-543.578160434
172,0.190646237264,0.117194099908,0.289899983057,-143.087727902,-139.152171773
173,3.10816674418,2.62601685845,3.67326315325,-728.014428144,-723.323495063
174,0.0502212467959,0.018003344853,0.108006292938,-48.1895860886,-44.8805925377
175,0,0,10000,-2.9153226283,-2.9153226283
176,0,0,10000,-2.56323349719,-2.56323349719
177,0,0,10000,-2.69876983912,-2.69876983912
178,0,0,10000,-3.24022212046,-3.24022212046
179,0,0,10000,-2.7121301537,-2.7121301537
180,0,0,10000,-3.24101988676,-3.24101988676
181,0,0,10000,-2.79606807268,-2.79606807268
182,0,0,10000,-2.70978152187,-2.70978152187
183,1.88542756498,1.57384014382,2.24270774149,-645.334403012,-638.901595755
184,0.620574549046,0.468693820432,0.802802079331,-322.483439415,-317.944060972
185,2.13282583191,1.78684445475,2.53192480516,-685.511110461,-682.562616093
186,0,0,0.0186161859169,-15.7679694547,-3.24022212046
187,2.11096604029,1.76865874862,2.50285463723,-589.205561842,-586.013477805
188,0.00977577250109,0.000557962591648,0.0430527340127,-21.3881696448,-12.3591619715
189,0.0195541705444,0.00325003871582,0.060397197827,-29.4099904373,-22.3973128969
190,0.191984882572,0.11800885327,0.291981215749,-132.203089643,-128.211183176
191,0.221129278692,0.141040911046,0.327119273892,-163.553159643,-157.852724043
192,0.0196665532136,0.00326868091804,0.060746154424,-28.0219631826,-21.0614763058
193,0.0198374418143,0.00329702331387,0.0612774537234,-27.5159138115,-20.633689384
194,0.721116846973,0.553996734602,0.918756820373,-326.342181431,-322.006223481
195,0.112595869161,0.0584329230303,0.193060048094,-85.4361502644,-84.040643599
196,1.20420965725,0.978224971878,1.4647211132,-458.647889332,-455.226031486
197,1.06634036508,0.858614037743,1.30685489056,-465.282289473,-463.532192247
198,0,0,0.0191641367502,-14.9149688068,-2.70978152187
199,0.700624945381,0.539040448216,0.893387361539,-350.771494963,-345.86863953
200,0.391804850718,0.278315585579,0.533005303142,-231.101000594,-229.552625304
201,0.0304754377283,0.00758053319185,0.0790716532372,-33.7025203211,-28.4844617053
202,0.108635811186,0.0563886980742,0.186157542247,-89.7155992751,-88.3291410279
203,0.586186190915,0.441204288415,0.760798591204,-311.716460424,-308.065024198
204,0.220755265919,0.139111430719,0.32966640399,-151.543238599,-146.082916262
205,0.0198184250151,0.00329385034635,0.0612215100851,-28.3499065105,-21.4591444545
206,0.00985956947402,0.000562737525781,0.0434239844258,-21.6264649649,-12.6842157651
207,1.32365923962,1.0814438582,1.60284216254,-533.853462975,-528.115460135
208,0.0200017415672,0.00332422969701,0.0617920359534,-29.9385503822,-23.1304213499
209,1.44814983316,1.18526895728,1.75167893479,-535.133686741,-526.535514855
210,1.10534291167,0.888701049577,1.35682725434,-455.467618054,-453.397287985
211,1.32854707758,1.08899421882,1.60367608484,-454.352957105,-448.373308545
212,0.503301606671,0.370785832773,0.664889832413,-279.711741859,-277.789982282
213,0.177446285647,0.105825429517,0.275933233859,-115.330048318,-112.16357691
214,0.940323930154,0.745506385318,1.1683405312,-426.603347463,-425.174584259
215,1.31478059,1.07718480901,1.58777323348,-554.684810905,-549.014807973
216,0.100400056724,0.0502949695934,0.176224869802,-77.2556665407,-75.8418417821
217,2.526039647,2.12722406002,2.9889199033,-735.706178095,-734.306178197
218,1.37386207545,1.13214851071,1.65047596205,-457.448074229,-450.181248644
219,1.80787402057,1.50350365195,2.15645630932,-619.381364549,-611.44046824
220,0.350831120539,0.242604234823,0.487589662449,-169.906093767,-167.818741838
221,1.86803193565,1.56375606308,2.21473296789,-690.202617833,-683.184187171
222,2.13146952471,1.78547112308,2.52968844322,-698.197749349,-695.233553461
223,0.685659978734,0.52374599376,0.878926485517,-328.923949311,-323.814803719
224,2.01624147739,1.68553580007,2.3967465848,-666.379920109,-662.112470414
225,1.34216622333,1.09670102813,1.62495509195,-507.960972576,-501.836303606
226,1.55059658803,1.27442561768,1.87001297962,-559.947270134,-548.445221936
227,2.2138128652,1.85236415412,2.63291853783,-683.463860509,-681.200891414
228,2.04725845084,1.51245513734,2.71975561786,-246.37989759,-244.096086449
229,2.57384469454,1.93510894002,3.37638136124,-265.888795428,-264.475303529
230,4.34599236061,1.05878478829,15.1212448673,-19.2796571465,-17.7364141949
231,3.80321584873,0.706251750383,16.2025987348,-14.8963982414,-13.6929826229
232,17.9737231164,3.96909856532,10000,-24.4972928561,-20.1568494849
233,9.33076389198,1.73633760518,36.4309857544,-19.2701753231,-16.7876726488
234,23.8010573585,5.9301219053,10000,-25.3366030784,-19.6236711978
235,2.77803265169,0.302457243316,15.3151132282,-15.0805299521,-14.3444988167
236,2.62359895946,0.767426342298,10.6096706687,-21.8284217615,-20.697746553
237,6.66533271467,2.47215609618,21.9426318994,-49.3156285498,-46.0424702642
238,0.657567288634,0.390904039811,1.02742223384,-101.436620184,-99.3622159228
239,0.728107095094,0.452353116966,1.10050274947,-115.20729808,-113.136393891
240,3.03248391354,1.45532839446,8.20234793058,-55.8515512288,-54.3385969452
241,4.3260884199,1.23092434741,10000,-25.9056054744,-24.2487093198
242,3.35582739342,2.0877403374,5.16322303833,-116.256783523,-114.07931303
243,2.31410772871,1.42806869885,3.58794523989,-100.182794036,-98.7502588917
244,3.98395329667,2.87025480338,5.55852608109,-237.779888184,-232.487020579
245,4.16073363656,2.98921624007,5.84940153075,-257.606741864,-251.630690438
246,1.79798509536,1.18424888744,2.63776442304,-143.388417938,-140.701903392
247,2.87995324128,2.02217854769,4.14434233636,-250.784971391,-249.081709062
248,2.0741312751,1.6538221738,2.57304136439,-397.486402512,-394.728237487
249,2.46104834797,1.98297259051,3.03905175134,-485.060151274,-483.668030273
250,2.4402413919,0.916254713613,16.448879712,-37.4147704429,-36.1991912639
251,2.37833963897,1.93371324175,2.91795868003,-557.665524331,-556.182701044
252,1.12009217584,0.882290539474,1.39994098013,-393.575161333,-391.492259129
253,2.06496350834,1.72433829406,2.45826689038,-665.809293852,-662.202648254
254,1.14869812056,0.927643472679,1.404510542,-451.432365595,-448.857882489
255,1.74708984219,1.45001850773,2.08874557375,-625.59346968,-616.36400368
256,0.736998760598,0.571757858856,0.932414599722,-378.025901311,-373.94767532
257,1.29485873885,1.05661729255,1.56949355257,-536.172121022,-531.054243486
258,0.648645905656,0.493618295972,0.834910261221,-290.72613889,-285.47641239
259,2.2826249272,1.91395866674,2.70874419848,-696.698289971,-694.821761618
260,0.048722372398,0.0174688722055,0.104750943424,-45.605282947,-42.1153395904
261,0.120083289142,0.0642823586524,0.201544793865,-88.5325492201,-87.0817043292
262,0.218791108143,0.137906004812,0.326629658972,-144.959463684,-139.547571295
263,0,0,0.0191641367502,-14.9149688068,-2.70978152187
264,0.00991914489272,0.000566133409774,0.0436875530562,-20.9867003037,-12.1049218893
265,0,0,0.0186605788961,-15.6845388611,-3.18363980732
266,0.452571149345,0.327385602034,0.607147790373,-218.363589552,-216.923678372
267,0,0,0.0189128907072,-15.2660558224,-2.9153226283
268,0.314413624584,0.214628672977,0.441462728707,-197.022546996,-194.020198902
269,0.0719698955118,0.0309082427123,0.139315093503,-55.341274973,-53.2919820071
270,0.285740997739,0.191843206947,0.406276817658,-184.025028087,-180.00204022
271,0.950833382143,0.754439694629,1.18026342415,-433.09977989,-431.694608215
272,0.109451665296,0.0568066839269,0.187594931347,-92.5738401562,-91.1866291707
273,0.381005653342,0.266439935368,0.524865294691,-198.630304705,-196.989301903
274,0.0200203433013,0.00332732952438,0.0618460892227,-27.2699767502,-20.4698853718
275,1.50504485424,1.23515287737,1.81677150218,-572.784761222,-562.566616618
276,1.36293389449,1.11670356649,1.64646147314,-548.20014744,-541.494077027
277,0.145230170392,0.0817473438311,0.235435641464,-101.746149903,-99.805405239
278,0.394057366899,0.279914959032,0.536112320455,-236.06511741,-234.536444021
279,0.554924253336,0.4168709141,0.721107025807,-307.613346163,-304.683138648
280,0.23743949856,0.152997082796,0.348580460222,-160.738379238,-154.840594298
281,0.468334795035,0.34266472362,0.622090387942,-271.772877286,-270.231365199
282,0.777293458295,0.606356881558,0.978846623221,-399.704460308,-396.514732097
283,0.1501516384,0.0863581293538,0.239666602197,-108.906455638,-106.791594977
284,1.23223220931,1.00021611425,1.50039945532,-496.581633725,-492.732862539
285,1.82941891201,1.52339725598,2.1816014248,-683.382985872,-675.949879383
286,0,0,0.0193828668402,-14.6448270695,-2.56323349719
287,1.66353442302,1.37580950299,1.9944602454,-607.842657424,-596.489835232
288,0,0,0.0189128907072,-15.2660558224,-2.9153226283
289,0.855372875893,0.672035662471,1.07061594594,-391.734930468,-389.743953596
290,1.70203431717,1.41197216794,2.03523301422,-636.535452476,-626.0523999
291,0.702069505626,0.538691601817,0.896575130497,-338.56041353,-333.751197447
292,0.543992360355,0.405883011597,0.711033473716,-308.909027527,-306.25895322
293,0,0,10000,-2.69876983912,-2.69876983912
294,2.16002879536,1.81186868737,2.56139445516,-698.037494695,-695.320723126
295,0.305294630061,0.208495047319,0.428414337661,-209.192611658,-205.845126042
296,2.51429125907,2.11119591311,2.98796788875,-749.910339486,-748.518033497
297,1.43250378378,1.17257421733,1.73255161519,-541.103440965,-532.8649174
298,1.88426078983,1.57267899659,2.24179745157,-647.349966783,-640.910017941
299,1.67501178395,1.38846644514,2.00371759489,-636.06847594,-624.791902831
300,0.568532468528,0.428178970372,0.73716319598,-331.002804911,-327.746935797
301,1.75383473908,1.45453881817,2.09801434306,-606.562495956,-597.552315511
302,0.97122995706,0.773854174938,1.20135159934,-450.500057638,-449.113734379
303,0.434063582462,0.312495946156,0.584230215311,-250.195136168,-248.806976081
304,1.41761427668,1.16424686414,1.70906252374,-559.696822938,-551.594815081
305,1.47680793883,1.21620956164,1.77648918126,-603.765243619,-593.981974412
306,1.58618156461,1.3106028945,1.90307698367,-548.789184899,-536.069177466
307,1.35202524032,1.10364882392,1.63854872764,-539.167879559,-532.881786926
308,2.66125374177,2.2321139053,3.16395245922,-740.269843294,-738.605294901
309,2.46462488956,2.06579452642,2.92831862603,-699.55058665,-698.15761614
310,1.93414032758,1.60869169851,2.30854318905,-633.731193223,-628.365755542
311,2.47433344473,1.63329914605,3.91517903648,-148.790446048,-147.403806976
312,2.2768904533,1.45527921422,9.19859298955,-149.115281619,-147.665975215
313,1.31577475746,0.832815064293,2.00809594831,-119.804536469,-117.575585129
314,2.70642705224,1.9958793298,3.66439869909,-254.619154034,-253.086730077
315,3.4255506079,2.41560339174,4.86645603848,-222.563798473,-219.571790278
316,1.75371446592,1.36826575242,2.22243899316,-364.876796554,-359.214597685
317,1.51752019575,0.390681007567,6.09630231325,-21.7418670984,-20.9269738036
318,0.603811185214,0.0972772951116,2.19836261881,-13.1220018249,-12.4152242582
319,2.44028562744,1.8152067436,3.24622895681,-271.302274801,-269.906608999
320,8.40694653438,1.80432255169,10000,-46.082427299,-43.6183966743
321,1.40072171697,1.07421612509,1.79454293602,-329.422386447,-324.496232388
322,2.28971318913,1.7238843164,3.00303167668,-277.263356383,-275.697886085
323,122.298916115,0.763828697022,10000,-12.4267063373,-10.8500286716
324,122.298916115,2.05725228598,10000,-14.9502471729,-12.1393872745
325,122.298916115,2.05725228598,10000,-13.6118075473,-10.8009476489
326,1.32841153219,0.0744231989063,6.63586316606,-8.35741856956,-7.92784952725
327,3.69534809538,0.564212483441,40.60100689,-11.7876543808,-10.6846067909
328,3.52963770229,0.53088283254,10000,-11.4051430446,-10.3511242684
329,3.83357548528,0.577124551571,10000,-11.199607822,-10.0735482855
330,1.31828286294,0.0740271570173,6.4141953595,-8.55217879934,-8.12197594383
331,122.299368959,2.06948323223,10000,-14.6412316735,-11.8303717751
332,122.298916115,0.813700226512,10000,-13.0586990333,-11.3984181371
333,122.298916115,0.514143879707,10000,-12.197303938,-11.1135223954
334,3.75962215745,0.570261278657,10000,-12.1493811374,-11.0355510503
335,1.43063288109,1.16400635503,1.73928988139,-501.615866371,-493.808995127
336,2.697335854,2.26610314056,3.20066084403,-731.919444849,-730.123350656
337,2.72667820089,2.28462563096,3.24561411598,-728.539975587,-726.642626859
338,2.53918338635,2.12789158693,3.02030913781,-729.069074556,-727.658824422
339,1.38178901566,1.13137264261,1.67031938096,-515.739448677,-508.651511541
340,1.95288324136,1.63144702137,2.32129022143,-631.931579815,-626.690174926
341,0.931607481481,0.741690414822,1.15275401486,-438.668950433,-437.210138707
342,1.77097661772,1.46635530754,2.1251466229,-598.903229617,-590.677723291
343,0.976959772723,0.777673052088,1.2093915435,-421.448899373,-420.061606696
344,2.82094162,2.36017234866,3.37168847826,-754.403391196,-752.074341345
345,1.19259073348,0.964474020212,1.45686351704,-496.454643752,-493.282827802
346,0.484810490186,0.356011387467,0.642078802672,-271.469709848,-269.774367763
347,2.68108097906,2.25405019269,3.18054532795,-740.608478774,-738.869412586
348,1.90317361084,1.5877927093,2.26495417871,-654.683643196,-648.628637888
349,1.05680673197,0.847986983676,1.29969942074,-475.337041317,-473.662644717
350,0.832031335447,0.654820711649,1.03957381082,-394.67587174,-392.372538773
351,2.28332536,1.90801266762,2.71725244265,-684.417295013,-682.561299735
352,2.34020272683,1.9670986363,2.76837636285,-662.276723695,-660.633350214
353,2.1894145918,0.334749410736,10000,-11.9159558252,-11.1509102213
354,3.40930181666,2.85980232888,4.07292804246,-784.099572841,-776.599585424
355,1.56068456952,1.28653101919,1.87623524569,-537.714750999,-525.670737867
356,2.59471053088,2.18241138853,3.07671741012,-750.372772986,-748.876064308
357,2.27086134205,1.90115052551,2.70028231128,-697.575922401,-695.651392368
358,2.23530901503,1.87292542031,2.65373048974,-676.257796469,-674.119250932
359,3.37377374779,1.31963324519,10000,-45.4105557388,-43.8966761504
360,2.05273299347,1.71558444393,2.44098676368,-673.136541889,-669.355623551
361,1.79765773755,1.49123148897,2.15091455335,-619.784303212,-611.876351984
362,1.6629212402,1.37887783438,1.99367866057,-606.384622968,-594.946820276
363,1.25339417498,1.01707579696,1.52702598454,-510.523921953,-506.329892916
364,1.04869428554,0.83933611857,1.29264210865,-445.784567709,-444.165564232
365,1.72871037271,1.43087827348,2.07211219636,-602.620389689,-593.13874162
366,0.461442078774,0.337775754228,0.612579848815,-272.477174805,-270.98385413
367,0,0,0.0191641367502,-14.9149688068,-2.70978152187
368,0.860615375318,0.678120979558,1.07439245445,-392.092043551,-390.145168158
369,1.61830680088,1.33939915622,1.93858581897,-616.742408222,-604.022684148
370,1.30002299574,1.0581035333,1.57989085134,-500.020230713,-494.894531923
371,2.54183471155,2.13407913145,3.01702200778,-726.683616609,-725.270136584
372,1.81299078076,1.42864405028,2.27574661913,-380.11479037,-374.93079719
373,2.96531759287,2.32759338045,3.79302970256,-457.200269434,-454.814239697
374,2.68023379674,2.13280762264,3.36074468791,-439.559743596,-437.971364653
375,2.2220514793,1.76441579257,2.78293618043,-419.217046431,-417.342328901
376,3.32176022555,2.67541075905,4.13143626385,-534.036733594,-529.252110627
377,2.10996611686,1.68365611404,2.61844903084,-429.058287494,-426.547709169
378,3.26423277506,2.62632641398,4.06770644032,-531.689340606,-527.328691077
379,3.1238496911,2.50629835439,3.88776600757,-491.937051528,-488.516003523
380,3.28865760252,2.59046582438,4.1513486704,-447.411869657,-443.428178493
381,3.30304799491,2.55602208906,4.34931284259,-425.779308139,-422.055683783
382,3.16736735279,2.47604347066,4.08079958329,-425.39239318,-422.173711104
383,3.52776206788,2.72090507223,4.60638826383,-405.049018965,-400.199248463
384,2.62340482105,2.05185669686,3.34018837369,-371.926609755,-370.451973142
385,2.31252983715,1.73201279493,3.06927172256,-281.141114051,-279.62479105
386,3.23752067477,2.54488161551,4.15008214654,-450.252910022,-446.581321723
387,3.91964731201,2.97402000647,5.31112441977,-403.534211058,-396.853993767
388,2.52788165985,1.9283077298,3.29478344906,-325.846564306,-324.454130498
389,2.90540366058,2.16010401766,3.87675894365,-280.318868628,-278.408624338
390,6.10526046631,4.10455553912,10.5400210221,-271.044412062,-258.430340373
391,4.10942069028,2.9806319754,5.72682701,-251.371377182,-245.352547984
392,4.63866716005,3.19220070465,7.29083354949,-235.443197056,-228.539468614
393,3.97366676486,2.58862412077,6.40107617752,-153.057339879,-149.389688521
394,3.99504336494,2.40224585144,6.98465905371,-112.279493468,-109.233951212
395,5.91444099201,3.03584815849,14.5641387066,-120.546162204,-115.705161889
396,1.91075136044,1.10511809786,3.32323698014,-90.4364696531,-88.6803747348
397,3.84053733522,2.20481264649,6.99682475747,-94.1793105419,-91.6249503327
398,3.99252609546,2.17570502746,7.93646791459,-81.1160972245,-78.5797626983
399,2.3503718623,1.2213246167,4.35401958058,-62.8840028441,-61.5159548985
400,4.5999216886,2.3646557283,10.0139135478,-64.4451583639,-61.4252292576
401,2.04000375028,0.99077676072,4.11741971947,-52.4825745922,-51.0806121056
402,6.66603727671,3.12317388102,15.8028215052,-69.2072201376,-64.6130020708
403,13.4348723136,3.57328965976,10000,-58.3742691595,-53.8594695104
404,4.13668121034,2.09229132257,12.6685304413,-72.3672098549,-69.9281716944
405,302.407407407,2.47816118149,10000,-46.5552342574,-43.3069335968
406,1.80949290114,0.613097240694,5.23467539883,-24.1075761095,-23.0188241427
407,0.946370503797,0.230723516882,2.60821470413,-16.9712165802,-16.111067953
408,2.40915673737,0.745973747977,10000,-24.218741907,-23.1142258043
409,72.7043568752,1.84293741459,10000,-25.4494431764,-23.0227396563
410,72.7043568752,1.30970728457,10000,-24.3670285366,-22.5327170296
411,2.32808107996,0.486259298239,10000,-15.0532585901,-14.1580946115
412,79.3524184844,1.09882499834,10000,-16.2057025816,-14.5396611032
413,122.298916115,1.82906258304,10000,-21.2986557818,-18.7562002574
414,122.298916115,1.68801399116,10000,-16.7088327259,-14.278233658
415,122.298916115,1.68801399117,10000,-16.415626717,-13.9850276492
416,122.298916115,1.24718638073,10000,-16.0564921261,-13.9829613705
417,122.298916115,0.62202872719,10000,-15.4502957446,-14.2484079425
418,2.15841685923,0.468862008267,15.7784498738,-15.5367126281,-14.6584070876
419,2.54192001583,0.513553424141,10000,-15.6944482803,-14.7638667438
420,3.66818122887,2.55711097193,5.30861304265,-187.551991071,-183.956794397
421,3.55127773218,2.45191951472,5.19170852802,-176.988345946,-173.835740363
422,3.43830106619,2.41696339435,4.84189537365,-175.751365664,-172.747037911
423,5.62075550531,3.63721544613,13.1214683121,-201.766032944,-192.951208642
424,2.22339938054,1.5271200234,3.14460700047,-160.781866181,-159.200164583
425,1.57757471457,1.03333928329,2.30684317554,-134.902877512,-131.57538631
426,2.11137000417,0.847394897208,5.21698758716,-34.6259824717,-33.4013354718
427,3.26891247654,1.51217632773,12.2972049387,-46.3915904072,-44.7818025756
428,2.63130214894,1.8533789333,3.65381531816,-180.849578144,-179.412587173
429,3.62320620451,2.58263530362,5.10564265165,-208.390916533,-204.656758408
430,79.3686126263,0.130924456599,10000,-6.02482415066,-5.41089999282
431,79.3370026305,0.597259833895,10000,-6.74862865148,-5.50819822638
432,73.5271665993,0.131896418948,10000,-6.1395081558,-5.52558399796
433,86.38781786,0.131974894667,10000,-7.14001673123,-6.52609257339
434,78.2166625621,0.13298680654,10000,-5.88693917691,-5.27301501906
435,75.4156129833,0.129686984463,10000,-6.27405920439,-5.66013504654
436,76.2061930333,0.130073681178,10000,-6.12516254788,-5.51123839004
437,0,0,2.05026236612,-3.40157333395,-2.69876983912
438,79.3686126263,0.130924456599,10000,-6.60877836634,-5.9948542085
439,79.370261548,0.130927176618,10000,-6.02247551883,-5.40855136099
440,79.4154440381,0.138944252915,10000,-6.44709309259,-5.83316893475
441,78.4122817617,0.137189145561,10000,-6.18351243094,-5.5695882731
442,1.83303785341,1.52291589479,2.18842656826,-574.150554115,-566.854773502
443,0.629224791011,0.477286377547,0.81123914774,-324.380104332,-319.54081165
444,1.16513602404,0.940559497638,1.42339634014,-444.471855251,-441.69941658
445,0.668673799995,0.51356935145,0.853028721819,-354.605956419,-349.014135119
446,0,0,10000,-2.70978152187,-2.70978152187
447,0,0,10000,-3.24022212046,-3.24022212046
448,0,0,10000,-2.69876983912,-2.69876983912
449,0,0,10000,-2.79606807268,-2.79606807268
450,0,0,10000,-3.00635477591,-3.00635477591
451,0,0,10000,-2.69876983912,-2.69876983912
452,0,0,10000,-3.00635477591,-3.00635477591
453,0,0,2.41581450049,-3.3415040059,-2.70978152187
454,1.55439446118,1.23278815782,1.93497302272,-430.790036558,-422.117532563
455,79.4305472646,0.344419945348,10000,-15.8242609286,-15.0518301637
456,1.78710000553,0.312099690675,10000,-15.3381335118,-14.6890454861
457,2.37146658939,1.98655423421,2.81867975051,-719.034505082,-717.497308622
458,2.96927181377,2.49363390585,3.53450470042,-791.389482592,-788.050892697
459,2.27251597648,1.53176610056,3.33159818029,-152.046306689,-150.551448955
460,1.39699088551,1.14461475108,1.68758051532,-558.084366216,-550.613960837
461,3.11805287798,2.62392025669,3.70260218114,-778.190204965,-773.554357738
462,0.352346752116,0.246499798139,0.485124545682,-222.836039902,-220.73722457
463,1.12898137283,0.908853337389,1.38430167378,-446.422740119,-444.103873352
464,0.357394393677,0.249963071273,0.49225017808,-220.176278567,-218.179995427
465,1.2725942173,1.03701957599,1.54390409002,-448.291617114,-443.640159014
466,0.390524649831,0.277429900177,0.531205625609,-237.523405651,-235.963083743
467,2.43882126281,2.04387213554,2.89872971879,-708.519666846,-707.106025554
468,1.88592245903,0.783197283539,5.13974215812,-41.3430889855,-40.1027513507
469,1.72882618468,0.693086854194,3.97102441886,-28.4853514193,-27.2389619428
470,1.69931146469,0.682001143551,3.8602035436,-29.2639811624,-28.0125237134
471,2.0453248811,0.791614754342,5.04234411915,-31.860616938,-30.6687889309
472,1.41151969883,0.524692170282,3.33924869838,-31.2015442425,-30.0352915672
473,3.01491017263,1.08659169582,18.0442143341,-43.0416110544,-41.6952681865
474,1.15600961361,0.474720695518,2.48254279215,-33.0267108607,-31.7891516596
475,1.69599543295,1.24622249156,2.2580931015,-239.305665295,-234.473482573
476,2.18830744501,0.852401276975,10000,-35.6588328242,-34.4678957578
477,1.35800036192,0.513555171006,3.06875090973,-28.4135140843,-27.2100045433
478,0.840141489235,0.248092039586,2.23209360503,-23.096204374,-22.169084608
479,628.564235034,1.48334062386,10000,-45.1216542838,-43.3170328121
480,2.57369177053,0.944790716015,10000,-35.3638440437,-34.1295151042
481,3.09772695459,2.49879326496,3.82560322116,-490.808900968,-487.439554164
482,2.37143324269,1.9199868702,2.9073410751,-478.332582214,-476.838737465
483,2.25093338401,1.82307065226,2.75924014537,-464.905551132,-463.053958302
484,2.72442141143,2.27576503531,3.25030380706,-699.20816323,-697.336148044
485,2.26435325453,1.88618183473,2.70136495698,-636.958326354,-635.023440164
486,2.85232882489,2.37906465068,3.41453041436,-700.476597391,-698.009266264
487,2.13364314408,1.71441173979,2.63465732015,-451.488529121,-449.08014864
488,2.06935544026,1.65381848065,2.56470523344,-416.749045393,-413.941867038
489,1.37483918471,1.1199581875,1.66910887502,-526.67370604,-520.008084914
490,1.8679020062,0.945562807037,3.50212511149,-51.9715090983,-50.4157616818
491,1.40792826843,0.675825258596,2.78808327291,-47.0690228746,-45.5299289789
492,1.24456948952,1.01061557037,1.51506225408,-506.392788962,-502.330661953
493,0.806643681165,0.629657762763,1.01523030014,-373.772386853,-371.139309407
494,2.08899985009,1.74391584619,2.48667020569,-621.156747179,-617.818063278
495,0.273533366132,0.181216896015,0.393118807039,-171.864103002,-167.404463468
496,628.564235034,1.83648067248,10000,-17.0477689994,-14.4110144951
497,1.58178549507,0.225095520751,16.9498377219,-12.415557509,-11.8098371679
498,628.564235034,1.83648067248,10000,-17.2340943924,-14.5973398881
499,3.25230199611,0.659012279903,23.7983596629,-13.2574609364,-12.1449331113
500,0.499083074711,0.0282424094934,2.3182076667,-9.46929558251,-8.93537630529
501,3.26325213878,0.660120705479,26.5316141781,-13.436285223,-12.3219454627
502,0,0,0.864574811006,-4.31683704758,-3.18363980732
503,0.492800619592,0.0279402999812,2.25859170682,-9.20702573623,-8.66654130553
504,0,0,0.8538266803,-4.58708749602,-3.44636585539
505,0.72275143828,0.557453715987,0.920285123894,-348.856432544,-344.540340632
506,0.521782907043,0.388341691351,0.683296649993,-278.741907678,-276.502090829
507,15.6174518951,0.0801670192524,10000,-6.78594703149,-6.36059227108
508,15.0581997532,0.0800192379918,10000,-6.25705729843,-5.83170253802
509,15.058296245,0.0800192577622,10000,-6.04823699193,-5.62288223152
510,17.3100473546,0.0792190206464,10000,-6.58169727547,-6.15634251506
511,15.0581997532,0.0800192379918,10000,-6.25705729843,-5.83170253802
512,15.0581975904,0.0800192375487,10000,-6.4848412293,-6.05948646889
513,0,0,1.23876863427,-3.65150306463,-2.70978152187
514,16.5000636716,0.0797452929121,10000,-5.9039108859,-5.47855612549
515,0,0,10000,-3.34735631519,-3.34735631519
516,0,0,10000,-3.44147778231,-3.44147778231
517,1.99010663886,1.65364029729,2.37886612119,-637.390433834,-632.948659303
518,2.43695650217,1.9629338629,3.00844241718,-474.260175473,-472.854173159
519,2.79304098971,2.1845198217,3.58069668317,-407.062977981,-405.255640205
520,2.67851968948,1.9731610524,3.68015620936,-265.930918452,-264.435140249
521,2.2867198655,1.55108424514,3.37961742546,-172.333395229,-170.853267788
522,2.81389267604,1.78414109378,4.5017868339,-131.584540938,-130.059523628
523,2.81409092181,1.51756129844,9.88553884913,-88.9768360085,-87.5355991834
524,3.90830200552,1.84831130877,10.5077703651,-66.0123403227,-63.9821147672
525,1.70772442714,0.731447311199,10000,-38.3323239203,-37.1222764587
526,79.452134263,1.33457434857,10000,-34.2175004773,-32.4749517478
527,1.46312109926,0.47849503115,10000,-23.3084757651,-22.3379812374
528,79.4866883608,0.650287932688,10000,-22.0659005043,-21.0206513521
529,2.17933879864,0.46181007395,10000,-19.06307066,-18.2388240754
530,1.65336244132,0.418287564965,10000,-19.040873769,-18.2519767569
531,79.4043341657,0.517861982166,10000,-12.6956543165,-11.6999788235
532,79.4499124422,0.517865884942,10000,-12.4448730735,-11.4491975806